%%             40.00000             0.00000    0             0.27000
% LAB  survey ------------------
% wanted position:  l, b, RA, DEC, and interpolated  NH
% 40.00 ;   0.00 ; 286.10 ;   6.29 ;  0.179E+23
% nearest position: l, b, RA, DEC, and observed NH
% 40.00 ;   0.00 ; 286.10 ;   6.29 ;  0.179E+23
% GASS III survey --------------
% NH - median within 6 arcmin radius   0.00    
% NH - mean within specified beam      0.00    
%%GASS      0  datapoints: v_lsr [km/s] and T_B [K] for beam weighted average and median within 6 arcmin
%%LAB     777  datapoints: v_lsr [km/s] and T_B [K]
    -399.80     -0.03
    -398.77     -0.12
    -397.74     -0.07
    -396.71     -0.10
    -395.68      0.07
    -394.65     -0.06
    -393.62      0.08
    -392.59     -0.08
    -391.56     -0.16
    -390.53      0.01
    -389.50      0.01
    -388.47     -0.05
    -387.44      0.12
    -386.41     -0.07
    -385.38      0.13
    -384.35      0.15
    -383.32     -0.07
    -382.29      0.08
    -381.26      0.12
    -380.23     -0.11
    -379.19      0.08
    -378.16     -0.03
    -377.13      0.11
    -376.10      0.15
    -375.07      0.18
    -374.04     -0.26
    -373.01     -0.09
    -371.98     -0.04
    -370.95     -0.02
    -369.92      0.13
    -368.89     -0.04
    -367.86     -0.02
    -366.83     -0.08
    -365.80     -0.12
    -364.77      0.20
    -363.74     -0.01
    -362.71     -0.05
    -361.68     -0.03
    -360.65      0.19
    -359.62     -0.23
    -358.59      0.01
    -357.56     -0.01
    -356.53     -0.00
    -355.50      0.00
    -354.46      0.00
    -353.43     -0.11
    -352.40     -0.01
    -351.37      0.04
    -350.34      0.14
    -349.31     -0.10
    -348.28      0.02
    -347.25      0.16
    -346.22     -0.17
    -345.19     -0.04
    -344.16     -0.08
    -343.13     -0.01
    -342.10     -0.03
    -341.07     -0.12
    -340.04     -0.13
    -339.01     -0.06
    -337.98      0.11
    -336.95     -0.14
    -335.92     -0.07
    -334.89      0.01
    -333.86     -0.02
    -332.83      0.07
    -331.80      0.01
    -330.77     -0.07
    -329.73     -0.02
    -328.70      0.02
    -327.67      0.10
    -326.64      0.15
    -325.61      0.13
    -324.58     -0.01
    -323.55      0.04
    -322.52      0.05
    -321.49      0.06
    -320.46     -0.02
    -319.43     -0.11
    -318.40     -0.19
    -317.37      0.26
    -316.34      0.08
    -315.31     -0.17
    -314.28     -0.03
    -313.25     -0.10
    -312.22      0.13
    -311.19      0.18
    -310.16     -0.04
    -309.13     -0.20
    -308.10     -0.03
    -307.07     -0.13
    -306.03      0.03
    -305.00      0.12
    -303.97      0.13
    -302.94     -0.09
    -301.91      0.04
    -300.88      0.08
    -299.85     -0.14
    -298.82      0.05
    -297.79      0.06
    -296.76     -0.05
    -295.73     -0.15
    -294.70      0.03
    -293.67      0.03
    -292.64     -0.02
    -291.61     -0.12
    -290.58     -0.09
    -289.55      0.00
    -288.52      0.14
    -287.49      0.16
    -286.46      0.04
    -285.43     -0.04
    -284.40     -0.00
    -283.37     -0.03
    -282.34     -0.15
    -281.30      0.03
    -280.27     -0.05
    -279.24     -0.04
    -278.21      0.06
    -277.18     -0.06
    -276.15      0.06
    -275.12     -0.04
    -274.09     -0.05
    -273.06      0.16
    -272.03     -0.03
    -271.00     -0.21
    -269.97      0.13
    -268.94      0.02
    -267.91      0.14
    -266.88      0.04
    -265.85     -0.07
    -264.82      0.03
    -263.79     -0.03
    -262.76     -0.03
    -261.73     -0.22
    -260.70     -0.08
    -259.67     -0.08
    -258.64      0.11
    -257.61     -0.09
    -256.57      0.05
    -255.54      0.05
    -254.51     -0.03
    -253.48     -0.05
    -252.45     -0.20
    -251.42      0.19
    -250.39     -0.01
    -249.36     -0.09
    -248.33     -0.06
    -247.30      0.12
    -246.27      0.02
    -245.24      0.22
    -244.21     -0.13
    -243.18      0.02
    -242.15     -0.10
    -241.12      0.15
    -240.09      0.02
    -239.06     -0.05
    -238.03      0.09
    -237.00      0.08
    -235.97      0.08
    -234.94     -0.01
    -233.91      0.11
    -232.88     -0.09
    -231.84     -0.01
    -230.81     -0.03
    -229.78     -0.10
    -228.75      0.17
    -227.72      0.01
    -226.69      0.00
    -225.66     -0.06
    -224.63      0.09
    -223.60     -0.24
    -222.57     -0.14
    -221.54     -0.04
    -220.51     -0.01
    -219.48     -0.13
    -218.45      0.18
    -217.42     -0.14
    -216.39     -0.10
    -215.36     -0.08
    -214.33      0.17
    -213.30     -0.05
    -212.27      0.01
    -211.24      0.08
    -210.21      0.07
    -209.18     -0.04
    -208.14      0.02
    -207.11      0.02
    -206.08      0.13
    -205.05     -0.03
    -204.02     -0.02
    -202.99      0.15
    -201.96      0.04
    -200.93     -0.06
    -199.90     -0.02
    -198.87      0.05
    -197.84      0.10
    -196.81      0.09
    -195.78      0.13
    -194.75      0.28
    -193.72      0.15
    -192.69      0.03
    -191.66      0.21
    -190.63      0.08
    -189.60     -0.07
    -188.57     -0.10
    -187.54      0.07
    -186.51     -0.03
    -185.48      0.12
    -184.45     -0.03
    -183.41      0.04
    -182.38     -0.00
    -181.35      0.18
    -180.32     -0.06
    -179.29     -0.00
    -178.26      0.10
    -177.23     -0.06
    -176.20      0.22
    -175.17      0.13
    -174.14     -0.03
    -173.11      0.13
    -172.08     -0.05
    -171.05      0.04
    -170.02      0.12
    -168.99      0.10
    -167.96     -0.05
    -166.93      0.07
    -165.90     -0.16
    -164.87     -0.02
    -163.84     -0.06
    -162.81      0.07
    -161.78     -0.14
    -160.75      0.11
    -159.72     -0.19
    -158.68      0.03
    -157.65     -0.13
    -156.62      0.09
    -155.59      0.06
    -154.56     -0.02
    -153.53     -0.13
    -152.50     -0.05
    -151.47      0.14
    -150.44     -0.03
    -149.41     -0.06
    -148.38      0.17
    -147.35     -0.03
    -146.32     -0.10
    -145.29      0.04
    -144.26      0.08
    -143.23      0.05
    -142.20     -0.00
    -141.17     -0.07
    -140.14     -0.09
    -139.11      0.16
    -138.08      0.16
    -137.05     -0.12
    -136.02      0.07
    -134.99     -0.12
    -133.95     -0.15
    -132.92     -0.13
    -131.89     -0.07
    -130.86      0.07
    -129.83     -0.11
    -128.80      0.02
    -127.77     -0.03
    -126.74      0.12
    -125.71     -0.11
    -124.68      0.02
    -123.65      0.10
    -122.62     -0.05
    -121.59      0.01
    -120.56     -0.03
    -119.53     -0.09
    -118.50     -0.08
    -117.47      0.26
    -116.44      0.20
    -115.41      0.13
    -114.38     -0.06
    -113.35     -0.03
    -112.32      0.04
    -111.29      0.05
    -110.26      0.00
    -109.22      0.07
    -108.19     -0.10
    -107.16      0.11
    -106.13      0.14
    -105.10      0.32
    -104.07      0.06
    -103.04      0.12
    -102.01      0.03
    -100.98      0.17
     -99.95      0.27
     -98.92      0.33
     -97.89      0.08
     -96.86      0.38
     -95.83      0.25
     -94.80      0.21
     -93.77      0.45
     -92.74      0.37
     -91.71      0.44
     -90.68      0.73
     -89.65      0.73
     -88.62      0.74
     -87.59      0.77
     -86.56      0.92
     -85.52      0.93
     -84.49      1.09
     -83.46      1.08
     -82.43      1.05
     -81.40      1.43
     -80.37      1.52
     -79.34      1.44
     -78.31      1.56
     -77.28      1.76
     -76.25      1.87
     -75.22      1.97
     -74.19      2.15
     -73.16      2.32
     -72.13      2.21
     -71.10      2.55
     -70.07      2.75
     -69.04      3.03
     -68.01      3.15
     -66.98      3.53
     -65.95      4.35
     -64.92      4.89
     -63.89      5.65
     -62.86      5.95
     -61.83      6.64
     -60.79      7.32
     -59.76      8.40
     -58.73      9.50
     -57.70     10.75
     -56.67     11.88
     -55.64     13.66
     -54.61     15.80
     -53.58     18.82
     -52.55     22.39
     -51.52     26.40
     -50.49     31.11
     -49.46     36.10
     -48.43     40.42
     -47.40     44.18
     -46.37     45.42
     -45.34     44.52
     -44.31     41.37
     -43.28     37.57
     -42.25     34.19
     -41.22     31.94
     -40.19     31.60
     -39.16     32.39
     -38.13     34.65
     -37.10     37.81
     -36.06     41.85
     -35.03     45.71
     -34.00     49.92
     -32.97     53.50
     -31.94     56.80
     -30.91     58.85
     -29.88     59.80
     -28.85     59.09
     -27.82     55.55
     -26.79     51.78
     -25.76     47.11
     -24.73     42.26
     -23.70     37.92
     -22.67     34.38
     -21.64     30.93
     -20.61     28.55
     -19.58     26.36
     -18.55     24.13
     -17.52     22.18
     -16.49     20.32
     -15.46     18.92
     -14.43     17.82
     -13.40     16.62
     -12.37     15.35
     -11.33     14.85
     -10.30     15.25
      -9.27     17.17
      -8.24     20.09
      -7.21     22.81
      -6.18     24.97
      -5.15     26.70
      -4.12     28.49
      -3.09     30.14
      -2.06     32.56
      -1.03     36.50
       0.00     41.84
       1.03     49.21
       2.06     57.52
       3.09     62.12
       4.12     65.91
       5.15     73.43
       6.18     78.48
       7.21     79.58
       8.24     78.21
       9.27     76.27
      10.30     76.96
      11.33     79.10
      12.37     81.11
      13.40     81.89
      14.43     82.19
      15.46     80.00
      16.49     80.89
      17.52     83.72
      18.55     83.26
      19.58     83.20
      20.61     84.90
      21.64     86.66
      22.67     88.20
      23.70     89.57
      24.73     89.83
      25.76     90.57
      26.79     90.93
      27.82     91.53
      28.85     91.20
      29.88     90.62
      30.91     90.86
      31.94     91.82
      32.97     91.62
      34.00     91.62
      35.03     93.06
      36.06     94.41
      37.10     94.16
      38.13     92.90
      39.16     92.10
      40.19     92.25
      41.22     92.21
      42.25     91.30
      43.28     90.67
      44.31     89.29
      45.34     87.20
      46.37     83.35
      47.40     79.29
      48.43     75.87
      49.46     74.96
      50.49     75.35
      51.52     78.07
      52.55     82.32
      53.58     86.97
      54.61     92.85
      55.64     97.81
      56.67    102.68
      57.70    106.98
      58.73    110.69
      59.76    113.60
      60.79    115.61
      61.83    117.29
      62.86    117.42
      63.89    117.73
      64.92    116.55
      65.95    115.87
      66.98    113.51
      68.01    112.28
      69.04    110.10
      70.07    108.59
      71.10    107.19
      72.13    105.85
      73.16    103.99
      74.19    101.52
      75.22     98.47
      76.25     94.61
      77.28     89.71
      78.31     84.93
      79.34     80.16
      80.37     75.61
      81.40     70.75
      82.43     65.40
      83.46     59.98
      84.49     52.75
      85.52     45.27
      86.56     37.29
      87.59     30.05
      88.62     24.52
      89.65     19.36
      90.68     15.66
      91.71     12.72
      92.74     10.39
      93.77      8.46
      94.80      7.02
      95.83      5.88
      96.86      5.06
      97.89      4.14
      98.92      3.63
      99.95      3.06
     100.98      2.56
     102.01      2.10
     103.04      1.81
     104.07      1.72
     105.10      1.56
     106.13      1.07
     107.16      1.02
     108.19      0.99
     109.22      0.84
     110.26      0.58
     111.29      0.73
     112.32      0.57
     113.35      0.58
     114.38      0.34
     115.41      0.42
     116.44      0.24
     117.47      0.47
     118.50      0.32
     119.53      0.21
     120.56      0.26
     121.59      0.08
     122.62      0.21
     123.65      0.15
     124.68      0.17
     125.71      0.01
     126.74      0.15
     127.77      0.05
     128.80     -0.00
     129.83      0.06
     130.86      0.20
     131.89      0.30
     132.92      0.09
     133.95      0.06
     134.99      0.00
     136.02      0.18
     137.05      0.11
     138.08      0.07
     139.11      0.19
     140.14      0.11
     141.17      0.06
     142.20      0.19
     143.23      0.11
     144.26     -0.09
     145.29     -0.06
     146.32     -0.06
     147.35     -0.10
     148.38      0.02
     149.41      0.04
     150.44      0.23
     151.47      0.12
     152.50     -0.09
     153.53      0.01
     154.56      0.20
     155.59     -0.20
     156.62     -0.12
     157.65     -0.02
     158.68     -0.21
     159.72      0.14
     160.75      0.09
     161.78     -0.13
     162.81     -0.04
     163.84     -0.18
     164.87      0.02
     165.90     -0.10
     166.93     -0.10
     167.96      0.06
     168.99      0.03
     170.02     -0.00
     171.05      0.04
     172.08     -0.07
     173.11      0.07
     174.14     -0.00
     175.17      0.05
     176.20      0.08
     177.23      0.07
     178.26     -0.08
     179.29      0.37
     180.32      0.02
     181.35     -0.05
     182.38      0.09
     183.41      0.01
     184.45     -0.13
     185.48      0.01
     186.51     -0.19
     187.54      0.04
     188.57     -0.03
     189.60      0.12
     190.63     -0.03
     191.66      0.07
     192.69      0.10
     193.72     -0.06
     194.75     -0.01
     195.78      0.13
     196.81     -0.04
     197.84     -0.04
     198.87      0.11
     199.90     -0.07
     200.93     -0.06
     201.96      0.11
     202.99      0.01
     204.02     -0.05
     205.05      0.07
     206.08      0.11
     207.11     -0.22
     208.14     -0.07
     209.18      0.08
     210.21      0.15
     211.24      0.02
     212.27      0.02
     213.30      0.01
     214.33      0.04
     215.36     -0.08
     216.39      0.00
     217.42     -0.07
     218.45      0.05
     219.48     -0.00
     220.51      0.13
     221.54     -0.09
     222.57     -0.00
     223.60     -0.11
     224.63     -0.11
     225.66     -0.18
     226.69      0.12
     227.72     -0.02
     228.75     -0.01
     229.78      0.16
     230.81     -0.05
     231.84     -0.16
     232.88     -0.04
     233.91     -0.16
     234.94     -0.30
     235.97     -0.11
     237.00      0.03
     238.03     -0.11
     239.06      0.03
     240.09      0.08
     241.12      0.14
     242.15     -0.09
     243.18      0.23
     244.21     -0.01
     245.24      0.12
     246.27     -0.08
     247.30      0.16
     248.33      0.01
     249.36     -0.10
     250.39     -0.05
     251.42      0.06
     252.45      0.12
     253.48      0.05
     254.51     -0.03
     255.54      0.17
     256.57      0.12
     257.61      0.14
     258.64      0.07
     259.67     -0.13
     260.70     -0.04
     261.73      0.14
     262.76      0.02
     263.79     -0.08
     264.82     -0.00
     265.85     -0.08
     266.88      0.03
     267.91      0.11
     268.94      0.06
     269.97     -0.04
     271.00      0.13
     272.03      0.11
     273.06      0.05
     274.09      0.17
     275.12      0.08
     276.15     -0.13
     277.18     -0.20
     278.21     -0.01
     279.24     -0.26
     280.27     -0.09
     281.30      0.07
     282.34      0.04
     283.37      0.17
     284.40     -0.01
     285.43      0.11
     286.46     -0.01
     287.49     -0.16
     288.52      0.04
     289.55      0.00
     290.58     -0.23
     291.61      0.03
     292.64     -0.13
     293.67     -0.02
     294.70     -0.00
     295.73      0.01
     296.76      0.16
     297.79      0.00
     298.82      0.14
     299.85     -0.21
     300.88      0.10
     301.91      0.07
     302.94      0.13
     303.97     -0.01
     305.00      0.12
     306.03     -0.14
     307.07      0.02
     308.10      0.01
     309.13     -0.07
     310.16     -0.06
     311.19     -0.12
     312.22      0.15
     313.25      0.07
     314.28     -0.02
     315.31      0.01
     316.34     -0.17
     317.37     -0.03
     318.40     -0.09
     319.43      0.08
     320.46     -0.10
     321.49     -0.25
     322.52      0.00
     323.55     -0.03
     324.58      0.21
     325.61     -0.03
     326.64     -0.19
     327.67      0.29
     328.70     -0.13
     329.73      0.12
     330.77      0.02
     331.80      0.07
     332.83     -0.04
     333.86     -0.05
     334.89     -0.08
     335.92      0.04
     336.95      0.11
     337.98      0.21
     339.01     -0.08
     340.04      0.08
     341.07     -0.02
     342.10      0.09
     343.13     -0.02
     344.16      0.13
     345.19     -0.18
     346.22      0.25
     347.25     -0.16
     348.28     -0.03
     349.31     -0.16
     350.34      0.19
     351.37      0.17
     352.40      0.03
     353.43     -0.03
     354.46      0.14
     355.50      0.02
     356.53      0.05
     357.56     -0.29
     358.59     -0.12
     359.62     -0.03
     360.65      0.18
     361.68     -0.02
     362.71     -0.01
     363.74      0.01
     364.77      0.09
     365.80     -0.04
     366.83      0.09
     367.86     -0.14
     368.89      0.01
     369.92      0.05
     370.95      0.04
     371.98     -0.31
     373.01      0.15
     374.04     -0.16
     375.07     -0.18
     376.10      0.06
     377.13     -0.11
     378.16      0.06
     379.19      0.13
     380.23     -0.07
     381.26     -0.01
     382.29      0.07
     383.32      0.11
     384.35      0.12
     385.38      0.00
     386.41      0.01
     387.44     -0.06
     388.47      0.02
     389.50     -0.08
     390.53      0.00
     391.56      0.11
     392.59     -0.01
     393.62      0.22
     394.65     -0.12
     395.68      0.06
     396.71     -0.17
     397.74      0.07
     398.77      0.06
     399.80      0.33
   
