%%             35.00000             0.00000    0             0.27000
% LAB  survey ------------------
% wanted position:  l, b, RA, DEC, and interpolated  NH
% 35.00 ;   0.00 ; 283.80 ;   1.84 ;  0.169E+23
% nearest position: l, b, RA, DEC, and observed NH
% 35.00 ;   0.00 ; 283.80 ;   1.84 ;  0.169E+23
% GASS III survey --------------
% NH - median within 6 arcmin radius  0.171E+23
% NH - mean within specified beam     0.171E+23
%%GASS   1221  datapoints: v_lsr [km/s] and T_B [K] for beam weighted average and median within 6 arcmin
     399.82      0.03     -0.24
     399.00     -0.11     -0.06
     398.17      0.27      0.25
     397.35     -0.04     -0.11
     396.52     -0.20     -0.15
     395.70      0.04     -0.10
     394.87      0.13      0.07
     394.05      0.05      0.07
     393.23     -0.11      0.06
     392.40      0.27      0.17
     391.58      0.00      0.01
     390.75      0.10      0.17
     389.93      0.06      0.14
     389.10      0.07     -0.05
     388.28     -0.00      0.14
     387.45     -0.27     -0.39
     386.63     -0.24     -0.07
     385.81     -0.01      0.02
     384.98     -0.05     -0.19
     384.16      0.16      0.34
     383.33      0.01     -0.29
     382.51      0.02     -0.02
     381.68      0.03      0.01
     380.86      0.15     -0.04
     380.04      0.01     -0.02
     379.21     -0.07     -0.25
     378.39      0.14      0.10
     377.56     -0.02      0.09
     376.74      0.09     -0.21
     375.91      0.17     -0.21
     375.09     -0.15     -0.36
     374.26      0.11     -0.15
     373.44      0.17      0.15
     372.62     -0.10     -0.13
     371.79      0.03     -0.01
     370.97      0.17      0.16
     370.14     -0.20     -0.42
     369.32     -0.11      0.11
     368.49      0.03     -0.00
     367.67     -0.08     -0.19
     366.85     -0.26     -0.18
     366.02      0.07      0.00
     365.20     -0.02     -0.15
     364.37     -0.05     -0.22
     363.55     -0.01     -0.29
     362.72     -0.11     -0.09
     361.90      0.03     -0.05
     361.07     -0.16     -0.26
     360.25      0.15      0.17
     359.43      0.04      0.06
     358.60     -0.10      0.09
     357.78     -0.07     -0.26
     356.95     -0.03      0.06
     356.13      0.34      0.32
     355.30     -0.11      0.01
     354.48     -0.00     -0.16
     353.66      0.13     -0.01
     352.83     -0.18     -0.29
     352.01      0.10      0.08
     351.18     -0.20     -0.15
     350.36     -0.06     -0.10
     349.53      0.01      0.05
     348.71     -0.06     -0.12
     347.88      0.14      0.13
     347.06      0.23      0.19
     346.24     -0.11     -0.32
     345.41     -0.02      0.03
     344.59      0.09      0.19
     343.76     -0.34     -0.52
     342.94     -0.01      0.10
     342.11      0.17     -0.13
     341.29      0.03     -0.01
     340.47      0.14      0.09
     339.64     -0.07     -0.00
     338.82      0.04      0.09
     337.99      0.14     -0.07
     337.17      0.10      0.10
     336.34      0.12      0.20
     335.52      0.07     -0.07
     334.69      0.17      0.04
     333.87     -0.09     -0.19
     333.05      0.04     -0.14
     332.22     -0.07     -0.24
     331.40     -0.08     -0.19
     330.57      0.23      0.15
     329.75     -0.15     -0.23
     328.92      0.25      0.30
     328.10      0.06      0.15
     327.28     -0.03     -0.13
     326.45     -0.18     -0.31
     325.63      0.09      0.25
     324.80      0.22      0.18
     323.98     -0.07     -0.16
     323.15      0.05      0.02
     322.33     -0.08      0.05
     321.50     -0.16     -0.14
     320.68     -0.19     -0.23
     319.86     -0.02      0.04
     319.03     -0.01      0.03
     318.21     -0.18     -0.12
     317.38     -0.08     -0.16
     316.56      0.24      0.04
     315.73      0.16      0.09
     314.91     -0.09     -0.15
     314.09      0.03     -0.20
     313.26     -0.12     -0.09
     312.44     -0.18     -0.13
     311.61      0.07     -0.00
     310.79      0.10     -0.01
     309.96     -0.10     -0.10
     309.14     -0.23     -0.04
     308.31      0.09      0.15
     307.49      0.04      0.13
     306.67      0.24      0.27
     305.84      0.30      0.30
     305.02     -0.15     -0.30
     304.19     -0.16     -0.40
     303.37     -0.12     -0.15
     302.54     -0.02     -0.08
     301.72     -0.00     -0.00
     300.90      0.07     -0.29
     300.07     -0.09     -0.23
     299.25      0.01     -0.14
     298.42      0.03     -0.01
     297.60     -0.11     -0.13
     296.77     -0.04     -0.17
     295.95     -0.08     -0.15
     295.12     -0.01     -0.05
     294.30     -0.01     -0.09
     293.48      0.05      0.03
     292.65     -0.10     -0.08
     291.83     -0.03     -0.24
     291.00      0.13      0.11
     290.18      0.18      0.14
     289.35     -0.08     -0.19
     288.53     -0.02      0.22
     287.71     -0.02     -0.07
     286.88      0.10      0.09
     286.06     -0.01     -0.03
     285.23     -0.08     -0.03
     284.41      0.04     -0.19
     283.58      0.03      0.04
     282.76      0.05      0.05
     281.93     -0.08     -0.07
     281.11      0.19      0.07
     280.29      0.11      0.08
     279.46      0.14     -0.10
     278.64      0.01      0.07
     277.81      0.03     -0.20
     276.99     -0.29     -0.26
     276.16     -0.13     -0.06
     275.34     -0.13     -0.15
     274.52      0.07      0.02
     273.69     -0.00     -0.09
     272.87      0.33      0.42
     272.04     -0.03     -0.03
     271.22      0.20      0.18
     270.39     -0.01     -0.08
     269.57     -0.02     -0.14
     268.75      0.22      0.37
     267.92      0.01     -0.14
     267.10     -0.17     -0.41
     266.27     -0.07     -0.02
     265.45     -0.13     -0.26
     264.62      0.14     -0.07
     263.80      0.07     -0.02
     262.97      0.03      0.01
     262.15      0.10      0.07
     261.33      0.05      0.15
     260.50      0.10      0.00
     259.68      0.06      0.10
     258.85      0.02     -0.19
     258.03     -0.07     -0.20
     257.20     -0.03     -0.25
     256.38     -0.09     -0.11
     255.56     -0.13     -0.13
     254.73      0.17      0.11
     253.91      0.17      0.24
     253.08      0.20      0.35
     252.26      0.18      0.06
     251.43     -0.20     -0.24
     250.61     -0.14     -0.31
     249.78      0.09      0.02
     248.96      0.02     -0.05
     248.14      0.01     -0.03
     247.31      0.02     -0.05
     246.49     -0.11     -0.25
     245.66     -0.11     -0.12
     244.84     -0.18     -0.10
     244.01      0.19      0.47
     243.19     -0.18     -0.21
     242.37      0.02     -0.02
     241.54      0.18      0.19
     240.72     -0.20     -0.28
     239.89     -0.06     -0.10
     239.07      0.01     -0.09
     238.24     -0.17     -0.20
     237.42     -0.21     -0.10
     236.59     -0.06     -0.15
     235.77     -0.05     -0.05
     234.95     -0.11      0.01
     234.12     -0.02     -0.11
     233.30      0.24     -0.12
     232.47      0.17      0.12
     231.65      0.05      0.08
     230.82     -0.21     -0.30
     230.00     -0.00     -0.05
     229.18     -0.12      0.07
     228.35     -0.11     -0.27
     227.53      0.03     -0.20
     226.70     -0.28     -0.43
     225.88      0.36      0.61
     225.05     -0.04     -0.08
     224.23     -0.07     -0.28
     223.40      0.07      0.10
     222.58      0.14      0.14
     221.76     -0.12     -0.05
     220.93     -0.11     -0.32
     220.11      0.09      0.14
     219.28     -0.39     -0.45
     218.46      0.17      0.23
     217.63     -0.18     -0.34
     216.81      0.02     -0.05
     215.99      0.32      0.49
     215.16     -0.09     -0.16
     214.34      0.00     -0.14
     213.51     -0.08     -0.12
     212.69     -0.12     -0.04
     211.86     -0.09      0.09
     211.04      0.12     -0.08
     210.21     -0.01      0.11
     209.39     -0.12     -0.38
     208.57      0.24      0.03
     207.74     -0.32     -0.12
     206.92      0.17      0.05
     206.09     -0.00      0.14
     205.27      0.17      0.25
     204.44      0.03      0.05
     203.62      0.11     -0.00
     202.80      0.02     -0.04
     201.97     -0.19     -0.25
     201.15     -0.03     -0.12
     200.32      0.04     -0.11
     199.50     -0.04     -0.07
     198.67     -0.24     -0.20
     197.85      0.12      0.03
     197.02     -0.08     -0.21
     196.20      0.08      0.08
     195.38      0.26      0.03
     194.55     -0.11      0.03
     193.73     -0.03     -0.23
     192.90      0.02     -0.01
     192.08     -0.07     -0.10
     191.25     -0.05      0.11
     190.43      0.10     -0.05
     189.61     -0.01      0.10
     188.78     -0.15     -0.22
     187.96     -0.07     -0.28
     187.13      0.13     -0.00
     186.31     -0.09     -0.15
     185.48     -0.06     -0.11
     184.66     -0.29     -0.36
     183.83     -0.14      0.05
     183.01     -0.09     -0.12
     182.19      0.12     -0.21
     181.36      0.21      0.07
     180.54      0.16      0.05
     179.71     -0.01      0.00
     178.89     -0.02     -0.04
     178.06      0.08     -0.19
     177.24     -0.35     -0.35
     176.42      0.18      0.15
     175.59     -0.00     -0.23
     174.77      0.09     -0.02
     173.94     -0.03     -0.16
     173.12     -0.19     -0.10
     172.29     -0.00     -0.13
     171.47      0.04      0.17
     170.64     -0.10     -0.16
     169.82      0.03      0.10
     169.00      0.00      0.25
     168.17      0.20      0.01
     167.35     -0.03     -0.07
     166.52      0.09     -0.03
     165.70      0.08     -0.06
     164.87      0.10      0.08
     164.05      0.10      0.11
     163.23      0.08      0.02
     162.40      0.31      0.36
     161.58     -0.14     -0.39
     160.75      0.02     -0.00
     159.93     -0.03     -0.09
     159.10     -0.13     -0.24
     158.28     -0.17     -0.13
     157.45     -0.03      0.21
     156.63     -0.12     -0.03
     155.81     -0.05     -0.15
     154.98      0.04      0.05
     154.16      0.11      0.16
     153.33     -0.06     -0.22
     152.51      0.08     -0.13
     151.68      0.03      0.04
     150.86     -0.29     -0.07
     150.04     -0.03      0.08
     149.21      0.05     -0.08
     148.39      0.01      0.09
     147.56      0.05     -0.10
     146.74      0.11     -0.17
     145.91      0.26      0.28
     145.09      0.12     -0.12
     144.26      0.07      0.00
     143.44     -0.14     -0.28
     142.62      0.23      0.21
     141.79      0.11      0.17
     140.97      0.14      0.14
     140.14     -0.05     -0.06
     139.32      0.12     -0.03
     138.49     -0.03      0.02
     137.67      0.16     -0.02
     136.85     -0.05     -0.13
     136.02      0.15      0.15
     135.20      0.11     -0.02
     134.37      0.25      0.11
     133.55      0.46      0.38
     132.72      0.47      0.24
     131.90      0.12      0.24
     131.08      0.24      0.20
     130.25      0.40      0.27
     129.43      0.19      0.24
     128.60      0.49      0.24
     127.78      0.31      0.30
     126.95      0.33      0.49
     126.13      0.43      0.77
     125.30      0.68      0.52
     124.48      0.67      0.97
     123.66      0.62      0.82
     122.83      0.57      0.47
     122.01      1.12      1.07
     121.18      0.74      0.90
     120.36      0.75      0.72
     119.53      1.04      0.91
     118.71      1.39      1.59
     117.89      1.49      1.64
     117.06      1.59      1.53
     116.24      1.79      1.80
     115.41      2.32      1.99
     114.59      2.29      1.91
     113.76      2.97      2.94
     112.94      3.05      2.85
     112.11      3.80      3.74
     111.29      4.21      3.89
     110.47      5.17      5.05
     109.64      6.22      6.30
     108.82      8.00      7.87
     107.99      9.80      9.85
     107.17     11.66     11.84
     106.34     14.20     13.90
     105.52     16.46     16.56
     104.70     19.18     19.61
     103.87     21.79     20.70
     103.05     25.12     24.83
     102.22     28.81     29.01
     101.40     33.22     32.84
     100.57     37.98     37.59
      99.75     42.67     41.66
      98.92     47.30     46.94
      98.10     51.04     49.57
      97.28     55.36     54.49
      96.45     59.69     59.95
      95.63     63.23     63.65
      94.80     66.54     67.04
      93.98     69.97     69.95
      93.15     72.25     71.82
      92.33     73.09     73.31
      91.51     73.49     73.28
      90.68     73.58     74.50
      89.86     74.01     72.93
      89.03     73.99     74.20
      88.21     75.35     74.27
      87.38     76.99     77.40
      86.56     76.96     77.40
      85.73     76.96     76.85
      84.91     76.67     77.35
      84.09     75.96     76.25
      83.26     73.94     74.10
      82.44     72.75     73.32
      81.61     71.94     70.40
      80.79     72.56     72.85
      79.96     73.18     72.62
      79.14     73.66     73.81
      78.32     72.90     73.15
      77.49     70.85     71.95
      76.67     68.16     68.64
      75.84     65.95     65.34
      75.02     63.99     64.57
      74.19     62.26     62.32
      73.37     59.90     60.03
      72.54     57.57     57.79
      71.72     56.14     56.93
      70.90     54.06     54.38
      70.07     53.31     52.24
      69.25     52.38     52.64
      68.42     52.15     52.30
      67.60     52.79     52.89
      66.77     53.94     53.76
      65.95     56.01     56.45
      65.13     59.14     58.05
      64.30     62.96     63.78
      63.48     67.59     68.02
      62.65     73.76     75.25
      61.83     78.03     78.98
      61.00     81.74     83.07
      60.18     83.31     84.42
      59.35     84.43     84.48
      58.53     86.61     86.16
      57.71     87.16     87.42
      56.88     85.98     85.29
      56.06     85.98     86.23
      55.23     88.58     89.21
      54.41     93.08     92.57
      53.58     95.68     96.18
      52.76     98.88    101.15
      51.94    101.53    100.19
      51.11    107.90    105.92
      50.29    114.34    114.86
      49.46    118.92    119.70
      48.64    118.28    118.92
      47.81    116.26    117.48
      46.99    111.90    112.62
      46.16    107.99    107.90
      45.34    103.92    105.04
      44.52    100.71    100.39
      43.69     95.27     94.99
      42.87     89.61     89.09
      42.04     87.09     85.66
      41.22     88.61     87.03
      40.39     97.50     96.56
      39.57    104.11    105.15
      38.75    106.83    107.11
      37.92    107.32    106.94
      37.10    110.61    112.15
      36.27    114.78    116.27
      35.45    119.04    118.75
      34.62    121.22    120.99
      33.80    122.54    123.52
      32.97    121.69    123.55
      32.15    118.99    122.48
      31.33    112.33    112.82
      30.50    102.15    102.96
      29.68     88.53     88.94
      28.85     80.53     78.79
      28.03     76.74     76.31
      27.20     80.75     80.39
      26.38     83.90     82.62
      25.56     84.73     85.43
      24.73     82.81     82.09
      23.91     79.97     80.46
      23.08     76.84     78.57
      22.26     75.69     74.65
      21.43     70.80     71.79
      20.61     68.64     68.63
      19.78     67.56     67.44
      18.96     68.25     69.73
      18.14     67.19     66.39
      17.31     68.44     68.08
      16.49     70.41     69.53
      15.66     70.77     71.04
      14.84     62.58     64.41
      14.01     57.57     57.66
      13.19     58.71     58.23
      12.37     60.21     60.32
      11.54     58.60     59.06
      10.72     51.84     51.57
       9.89     45.19     44.99
       9.07     39.24     38.44
       8.24     34.48     34.19
       7.42     31.42     31.28
       6.59     30.66     30.69
       5.77     32.31     31.83
       4.95     35.59     35.80
       4.12     39.46     39.21
       3.30     42.22     42.59
       2.47     42.67     43.21
       1.65     41.68     42.30
       0.82     38.03     37.89
       0.00     33.36     33.14
      -0.82     27.67     27.93
      -1.65     23.76     24.19
      -2.47     20.77     20.92
      -3.30     17.95     17.86
      -4.12     14.11     14.18
      -4.95     12.02     12.32
      -5.77     11.06     10.90
      -6.59     11.13     11.03
      -7.42     11.42     11.84
      -8.24     12.18     12.10
      -9.07     12.63     11.93
      -9.89     13.95     13.03
     -10.72     14.93     14.03
     -11.54     16.28     15.94
     -12.37     17.37     16.26
     -13.19     19.47     18.14
     -14.01     20.97     19.83
     -14.84     22.59     21.91
     -15.66     24.30     23.69
     -16.49     25.63     24.79
     -17.31     26.23     25.75
     -18.14     27.56     27.49
     -18.96     29.45     29.19
     -19.78     32.10     32.41
     -20.61     36.01     35.28
     -21.43     40.58     40.09
     -22.26     45.02     44.09
     -23.08     49.43     49.20
     -23.91     52.68     52.88
     -24.73     55.10     54.77
     -25.56     55.59     56.79
     -26.38     55.37     54.65
     -27.20     53.86     54.13
     -28.03     51.83     51.65
     -28.85     49.39     49.05
     -29.68     47.16     47.75
     -30.50     47.15     46.57
     -31.33     47.36     46.74
     -32.15     49.36     49.28
     -32.97     50.10     50.73
     -33.80     50.01     50.02
     -34.62     48.44     49.25
     -35.45     43.10     42.96
     -36.27     37.37     37.60
     -37.10     30.90     31.47
     -37.92     24.99     25.10
     -38.75     20.16     19.97
     -39.57     17.03     17.70
     -40.39     14.97     15.25
     -41.22     14.31     14.70
     -42.04     14.11     14.30
     -42.87     15.32     15.84
     -43.69     17.18     16.80
     -44.52     19.34     19.62
     -45.34     22.53     22.06
     -46.16     26.26     26.15
     -46.99     29.26     29.28
     -47.81     30.18     29.80
     -48.64     29.33     28.38
     -49.46     26.96     26.34
     -50.29     23.60     23.56
     -51.11     21.04     20.57
     -51.94     18.67     18.21
     -52.76     17.18     16.78
     -53.58     15.07     15.02
     -54.41     12.38     12.54
     -55.23     10.40     10.35
     -56.06      8.74      8.81
     -56.88      6.62      6.40
     -57.71      5.32      5.25
     -58.53      4.02      3.48
     -59.35      3.37      3.44
     -60.18      2.99      2.92
     -61.00      2.20      2.52
     -61.83      1.70      1.68
     -62.65      1.37      1.30
     -63.48      1.28      1.28
     -64.30      1.00      1.02
     -65.13      0.65      0.51
     -65.95      0.35      0.35
     -66.77      0.63      0.69
     -67.60      0.66      0.66
     -68.42      0.38      0.47
     -69.25      0.31      0.45
     -70.07      0.21      0.28
     -70.90      0.26      0.30
     -71.72      0.19      0.09
     -72.54     -0.02     -0.04
     -73.37     -0.16      0.09
     -74.19      0.00      0.02
     -75.02      0.09      0.04
     -75.84      0.31      0.16
     -76.67      0.12      0.27
     -77.49      0.19      0.06
     -78.32      0.18      0.30
     -79.14      0.08      0.12
     -79.96     -0.15     -0.19
     -80.79      0.21      0.24
     -81.61     -0.02     -0.16
     -82.44     -0.10     -0.06
     -83.26      0.21      0.30
     -84.09      0.16      0.01
     -84.91     -0.03      0.13
     -85.73     -0.15     -0.09
     -86.56     -0.03     -0.01
     -87.38      0.00     -0.14
     -88.21      0.01      0.05
     -89.03      0.05      0.04
     -89.86     -0.01      0.09
     -90.68     -0.03     -0.04
     -91.51     -0.09     -0.03
     -92.33      0.03     -0.19
     -93.15     -0.25     -0.43
     -93.98      0.03      0.15
     -94.80     -0.16     -0.18
     -95.63      0.16      0.22
     -96.45      0.12      0.18
     -97.28      0.12      0.19
     -98.10     -0.14     -0.11
     -98.92     -0.00      0.08
     -99.75     -0.06     -0.26
    -100.57      0.17      0.09
    -101.40     -0.12     -0.13
    -102.22      0.13      0.02
    -103.05      0.10     -0.01
    -103.87     -0.07     -0.24
    -104.70      0.23      0.15
    -105.52      0.07      0.10
    -106.34     -0.05     -0.00
    -107.17      0.07     -0.13
    -107.99      0.13     -0.14
    -108.82     -0.08     -0.07
    -109.64      0.12      0.08
    -110.47      0.17      0.13
    -111.29     -0.13     -0.10
    -112.11     -0.13     -0.26
    -112.94      0.09      0.06
    -113.76     -0.18     -0.22
    -114.59      0.05     -0.16
    -115.41     -0.16     -0.09
    -116.24      0.17      0.06
    -117.06     -0.15     -0.18
    -117.89     -0.11     -0.31
    -118.71     -0.00     -0.13
    -119.53      0.09      0.34
    -120.36     -0.06      0.04
    -121.18      0.21      0.21
    -122.01      0.09      0.14
    -122.83     -0.03     -0.00
    -123.66      0.07     -0.09
    -124.48     -0.05     -0.22
    -125.30     -0.25     -0.22
    -126.13     -0.05     -0.11
    -126.95      0.13      0.00
    -127.78      0.08      0.10
    -128.60      0.10     -0.03
    -129.43     -0.05      0.10
    -130.25      0.22     -0.20
    -131.08     -0.05      0.09
    -131.90      0.07      0.08
    -132.72      0.15      0.13
    -133.55     -0.05      0.06
    -134.37     -0.33     -0.40
    -135.20     -0.10     -0.12
    -136.02     -0.13     -0.27
    -136.85      0.22      0.19
    -137.67     -0.06     -0.30
    -138.49     -0.10     -0.19
    -139.32      0.08      0.01
    -140.14     -0.09      0.11
    -140.97      0.20      0.12
    -141.79     -0.14     -0.33
    -142.62     -0.03      0.05
    -143.44     -0.02     -0.17
    -144.26      0.21      0.30
    -145.09      0.26      0.22
    -145.91     -0.15     -0.24
    -146.74     -0.11     -0.35
    -147.56     -0.01     -0.34
    -148.39      0.01     -0.23
    -149.21     -0.02     -0.19
    -150.04     -0.00      0.14
    -150.86      0.08     -0.12
    -151.68      0.27      0.17
    -152.51     -0.11      0.18
    -153.33      0.37      0.27
    -154.16     -0.30     -0.29
    -154.98     -0.11     -0.14
    -155.81      0.31      0.15
    -156.63      0.15     -0.07
    -157.45     -0.03     -0.19
    -158.28     -0.20     -0.30
    -159.10      0.01     -0.01
    -159.93      0.05     -0.36
    -160.75      0.16      0.28
    -161.58      0.14      0.05
    -162.40      0.21      0.23
    -163.23      0.11     -0.09
    -164.05     -0.07     -0.07
    -164.87     -0.16     -0.21
    -165.70     -0.08     -0.19
    -166.52     -0.06     -0.10
    -167.35      0.15     -0.13
    -168.17     -0.05      0.01
    -169.00      0.17      0.04
    -169.82      0.07      0.07
    -170.64     -0.16     -0.31
    -171.47      0.10      0.03
    -172.29      0.09      0.04
    -173.12     -0.14     -0.37
    -173.94     -0.08     -0.19
    -174.77     -0.07     -0.09
    -175.59      0.01     -0.00
    -176.42     -0.05     -0.33
    -177.24     -0.07     -0.14
    -178.06      0.24      0.23
    -178.89      0.06     -0.15
    -179.71     -0.26     -0.49
    -180.54     -0.03     -0.16
    -181.36      0.09     -0.02
    -182.19      0.21      0.36
    -183.01     -0.07     -0.25
    -183.83     -0.24     -0.11
    -184.66     -0.16     -0.01
    -185.48     -0.03     -0.01
    -186.31     -0.11     -0.18
    -187.13      0.09      0.11
    -187.96     -0.06      0.03
    -188.78     -0.03      0.02
    -189.61      0.01      0.06
    -190.43      0.15      0.18
    -191.25     -0.03      0.12
    -192.08     -0.15     -0.37
    -192.90     -0.05      0.06
    -193.73     -0.05     -0.28
    -194.55      0.04     -0.20
    -195.38     -0.25     -0.31
    -196.20     -0.30     -0.37
    -197.02     -0.09     -0.21
    -197.85      0.06     -0.15
    -198.67      0.04     -0.04
    -199.50     -0.09     -0.18
    -200.32      0.05      0.11
    -201.15      0.02      0.06
    -201.97     -0.09     -0.43
    -202.80      0.14      0.15
    -203.62     -0.07     -0.08
    -204.44      0.06     -0.09
    -205.27     -0.34     -0.19
    -206.09      0.11     -0.17
    -206.92     -0.17     -0.37
    -207.74     -0.13     -0.24
    -208.57     -0.18     -0.32
    -209.39     -0.13      0.03
    -210.21      0.06     -0.05
    -211.04      0.29      0.42
    -211.86     -0.04     -0.16
    -212.69     -0.11     -0.02
    -213.51      0.04      0.05
    -214.34     -0.09      0.06
    -215.16     -0.16     -0.22
    -215.99     -0.10     -0.12
    -216.81     -0.29     -0.30
    -217.63     -0.09     -0.10
    -218.46     -0.22     -0.16
    -219.28      0.08      0.34
    -220.11     -0.12     -0.09
    -220.93     -0.07     -0.22
    -221.76     -0.06     -0.01
    -222.58     -0.15     -0.31
    -223.40     -0.13      0.01
    -224.23      0.28      0.11
    -225.05     -0.11     -0.09
    -225.88      0.11     -0.01
    -226.70     -0.05     -0.17
    -227.53      0.10     -0.24
    -228.35      0.14      0.20
    -229.18     -0.09     -0.02
    -230.00      0.22      0.03
    -230.82      0.17      0.25
    -231.65     -0.05     -0.07
    -232.47     -0.08      0.06
    -233.30      0.05     -0.03
    -234.12      0.14     -0.07
    -234.95     -0.34     -0.15
    -235.77      0.14     -0.05
    -236.59      0.26      0.32
    -237.42      0.16      0.20
    -238.24     -0.30     -0.38
    -239.07      0.10     -0.03
    -239.89     -0.08     -0.28
    -240.72      0.04     -0.09
    -241.54     -0.07     -0.33
    -242.37      0.12      0.16
    -243.19      0.33      0.21
    -244.01      0.02      0.09
    -244.84      0.25     -0.03
    -245.66     -0.15     -0.26
    -246.49      0.23      0.33
    -247.31      0.05      0.05
    -248.14     -0.14     -0.24
    -248.96     -0.04     -0.07
    -249.78     -0.06     -0.18
    -250.61      0.18      0.12
    -251.43      0.10      0.29
    -252.26     -0.13     -0.35
    -253.08      0.14     -0.01
    -253.91      0.13     -0.01
    -254.73     -0.13     -0.33
    -255.56     -0.01      0.03
    -256.38     -0.01     -0.13
    -257.20      0.26      0.30
    -258.03      0.16      0.06
    -258.85     -0.00      0.05
    -259.68     -0.01     -0.06
    -260.50      0.06      0.11
    -261.33     -0.23     -0.37
    -262.15      0.23      0.20
    -262.97      0.09      0.08
    -263.80     -0.20     -0.29
    -264.62     -0.05     -0.17
    -265.45     -0.04     -0.27
    -266.27      0.15     -0.18
    -267.10     -0.01     -0.01
    -267.92     -0.11     -0.22
    -268.75      0.05     -0.24
    -269.57      0.02     -0.07
    -270.39      0.10     -0.02
    -271.22     -0.00      0.13
    -272.04      0.18     -0.01
    -272.87      0.16      0.25
    -273.69     -0.05     -0.18
    -274.52      0.07      0.20
    -275.34      0.09      0.17
    -276.16     -0.16     -0.00
    -276.99     -0.12     -0.10
    -277.81     -0.01     -0.17
    -278.64     -0.17     -0.21
    -279.46     -0.14     -0.20
    -280.29     -0.05     -0.06
    -281.11      0.13      0.07
    -281.93     -0.14     -0.24
    -282.76      0.06      0.06
    -283.58      0.11      0.08
    -284.41      0.18      0.25
    -285.23     -0.02      0.26
    -286.06      0.18     -0.03
    -286.88      0.05     -0.15
    -287.71      0.12      0.22
    -288.53      0.09      0.09
    -289.35      0.19      0.22
    -290.18      0.14      0.35
    -291.00     -0.02      0.06
    -291.83     -0.00      0.02
    -292.65     -0.07     -0.12
    -293.48      0.14      0.30
    -294.30     -0.09     -0.24
    -295.12     -0.20     -0.19
    -295.95      0.06     -0.02
    -296.77     -0.07     -0.18
    -297.60     -0.06     -0.27
    -298.42      0.11     -0.13
    -299.25     -0.04     -0.31
    -300.07      0.17      0.04
    -300.90     -0.03     -0.13
    -301.72      0.26      0.14
    -302.54      0.07      0.03
    -303.37     -0.03     -0.13
    -304.19     -0.23     -0.21
    -305.02     -0.05     -0.17
    -305.84      0.06      0.17
    -306.67      0.07      0.01
    -307.49     -0.06     -0.02
    -308.31      0.01      0.08
    -309.14     -0.15     -0.32
    -309.96      0.04     -0.00
    -310.79     -0.24     -0.19
    -311.61     -0.27     -0.44
    -312.44     -0.09     -0.18
    -313.26     -0.29     -0.27
    -314.09      0.02     -0.16
    -314.91      0.09      0.09
    -315.73      0.11      0.06
    -316.56      0.02     -0.01
    -317.38     -0.03      0.02
    -318.21      0.09      0.20
    -319.03     -0.12     -0.24
    -319.86      0.08      0.09
    -320.68     -0.08      0.00
    -321.50      0.16      0.12
    -322.33     -0.16     -0.13
    -323.15      0.24     -0.03
    -323.98     -0.14     -0.22
    -324.80     -0.21     -0.10
    -325.63      0.33      0.24
    -326.45      0.03      0.12
    -327.28     -0.12     -0.30
    -328.10     -0.13     -0.23
    -328.92      0.10     -0.04
    -329.75     -0.15     -0.13
    -330.57      0.23      0.03
    -331.40     -0.06      0.04
    -332.22      0.11     -0.08
    -333.05      0.09     -0.02
    -333.87     -0.02      0.12
    -334.69     -0.24     -0.17
    -335.52     -0.02     -0.13
    -336.34     -0.09     -0.30
    -337.17      0.22      0.27
    -337.99      0.08     -0.09
    -338.82     -0.10     -0.22
    -339.64      0.04     -0.02
    -340.47     -0.06     -0.16
    -341.29     -0.08      0.08
    -342.11     -0.03     -0.13
    -342.94     -0.27     -0.35
    -343.76     -0.30     -0.37
    -344.59     -0.00     -0.12
    -345.41      0.01      0.05
    -346.24     -0.03      0.06
    -347.06     -0.22     -0.33
    -347.88      0.06     -0.25
    -348.71      0.14      0.21
    -349.53     -0.02      0.05
    -350.36      0.23      0.29
    -351.18      0.22     -0.09
    -352.01      0.07     -0.26
    -352.83     -0.21     -0.35
    -353.66      0.16      0.20
    -354.48     -0.10     -0.10
    -355.30     -0.10      0.05
    -356.13      0.55      0.41
    -356.95      0.18      0.27
    -357.78     -0.05     -0.25
    -358.60     -0.03     -0.08
    -359.43      0.00     -0.01
    -360.25      0.15      0.05
    -361.07      0.08      0.11
    -361.90      0.09     -0.04
    -362.72     -0.15     -0.10
    -363.55     -0.28     -0.34
    -364.37     -0.08     -0.25
    -365.20      0.01      0.01
    -366.02     -0.05      0.13
    -366.85      0.05      0.12
    -367.67      0.19      0.28
    -368.49     -0.26     -0.29
    -369.32     -0.14     -0.21
    -370.14     -0.07     -0.35
    -370.97      0.12     -0.01
    -371.79     -0.03      0.16
    -372.62      0.11      0.18
    -373.44     -0.07     -0.18
    -374.26     -0.03     -0.08
    -375.09     -0.02      0.01
    -375.91      0.16     -0.02
    -376.74      0.08     -0.11
    -377.56     -0.14     -0.15
    -378.39     -0.03     -0.24
    -379.21      0.00     -0.24
    -380.04     -0.03      0.09
    -380.86      0.18     -0.11
    -381.68      0.18      0.28
    -382.51      0.01     -0.05
    -383.33      0.10      0.00
    -384.16      0.10      0.13
    -384.98     -0.07     -0.30
    -385.81      0.07      0.04
    -386.63     -0.06     -0.16
    -387.45     -0.13     -0.09
    -388.28      0.03     -0.17
    -389.10     -0.02     -0.11
    -389.93     -0.06      0.14
    -390.75      0.06      0.26
    -391.58     -0.19     -0.26
    -392.40     -0.20     -0.30
    -393.23      0.13      0.08
    -394.05      0.12      0.09
    -394.87     -0.07     -0.17
    -395.70     -0.17     -0.15
    -396.52     -0.01     -0.06
    -397.35      0.12      0.15
    -398.17      0.10     -0.00
    -399.00      0.07      0.11
    -399.82     -0.20     -0.30
%%LAB     777  datapoints: v_lsr [km/s] and T_B [K]
    -399.80      0.06
    -398.77      0.11
    -397.74      0.03
    -396.71      0.03
    -395.68     -0.06
    -394.65      0.04
    -393.62     -0.02
    -392.59     -0.14
    -391.56     -0.16
    -390.53      0.05
    -389.50     -0.12
    -388.47     -0.06
    -387.44      0.21
    -386.41     -0.01
    -385.38      0.04
    -384.35      0.01
    -383.32     -0.00
    -382.29     -0.18
    -381.26     -0.06
    -380.23     -0.03
    -379.20      0.15
    -378.17     -0.25
    -377.14     -0.16
    -376.10      0.11
    -375.07     -0.03
    -374.04     -0.15
    -373.01     -0.03
    -371.98     -0.13
    -370.95     -0.06
    -369.92     -0.16
    -368.89      0.37
    -367.86      0.02
    -366.83     -0.06
    -365.80     -0.01
    -364.77     -0.11
    -363.74      0.11
    -362.71     -0.15
    -361.68      0.05
    -360.65      0.08
    -359.62      0.04
    -358.59      0.22
    -357.56      0.17
    -356.53      0.12
    -355.50      0.03
    -354.47      0.18
    -353.44     -0.06
    -352.41     -0.19
    -351.37      0.05
    -350.34     -0.15
    -349.31      0.08
    -348.28     -0.06
    -347.25     -0.02
    -346.22     -0.16
    -345.19      0.05
    -344.16      0.11
    -343.13     -0.05
    -342.10      0.29
    -341.07     -0.25
    -340.04     -0.15
    -339.01     -0.09
    -337.98     -0.10
    -336.95      0.02
    -335.92      0.13
    -334.89      0.06
    -333.86      0.07
    -332.83     -0.06
    -331.80     -0.06
    -330.77     -0.01
    -329.74      0.18
    -328.71     -0.05
    -327.68     -0.02
    -326.64     -0.09
    -325.61      0.05
    -324.58      0.06
    -323.55     -0.09
    -322.52     -0.16
    -321.49      0.07
    -320.46     -0.18
    -319.43     -0.05
    -318.40      0.03
    -317.37      0.21
    -316.34      0.15
    -315.31     -0.01
    -314.28     -0.06
    -313.25      0.03
    -312.22     -0.06
    -311.19     -0.13
    -310.16      0.21
    -309.13     -0.05
    -308.10      0.01
    -307.07      0.01
    -306.04      0.02
    -305.01     -0.05
    -303.98     -0.02
    -302.94     -0.15
    -301.91     -0.03
    -300.88      0.25
    -299.85     -0.00
    -298.82     -0.21
    -297.79      0.05
    -296.76      0.04
    -295.73     -0.20
    -294.70      0.05
    -293.67      0.10
    -292.64     -0.01
    -291.61     -0.22
    -290.58      0.06
    -289.55      0.06
    -288.52      0.01
    -287.49     -0.14
    -286.46      0.03
    -285.43      0.05
    -284.40      0.25
    -283.37     -0.08
    -282.34      0.07
    -281.31     -0.13
    -280.28     -0.02
    -279.25     -0.03
    -278.21      0.08
    -277.18      0.09
    -276.15      0.02
    -275.12      0.09
    -274.09      0.04
    -273.06      0.11
    -272.03     -0.08
    -271.00      0.09
    -269.97      0.10
    -268.94      0.14
    -267.91     -0.11
    -266.88      0.16
    -265.85     -0.10
    -264.82     -0.08
    -263.79     -0.09
    -262.76      0.11
    -261.73     -0.05
    -260.70     -0.01
    -259.67      0.04
    -258.64     -0.15
    -257.61      0.41
    -256.58     -0.03
    -255.55      0.02
    -254.51      0.10
    -253.48      0.08
    -252.45     -0.24
    -251.42     -0.06
    -250.39     -0.16
    -249.36      0.09
    -248.33      0.09
    -247.30      0.02
    -246.27     -0.04
    -245.24      0.13
    -244.21     -0.09
    -243.18      0.04
    -242.15      0.00
    -241.12      0.26
    -240.09      0.02
    -239.06     -0.17
    -238.03     -0.03
    -237.00     -0.09
    -235.97     -0.04
    -234.94     -0.08
    -233.91     -0.06
    -232.88     -0.08
    -231.85     -0.04
    -230.82      0.12
    -229.78      0.16
    -228.75     -0.05
    -227.72      0.02
    -226.69      0.02
    -225.66     -0.02
    -224.63      0.09
    -223.60      0.02
    -222.57      0.03
    -221.54      0.09
    -220.51      0.06
    -219.48      0.01
    -218.45      0.10
    -217.42     -0.03
    -216.39     -0.15
    -215.36     -0.11
    -214.33     -0.13
    -213.30     -0.03
    -212.27      0.08
    -211.24     -0.13
    -210.21      0.08
    -209.18      0.01
    -208.15      0.06
    -207.12      0.05
    -206.08      0.14
    -205.05     -0.02
    -204.02     -0.04
    -202.99     -0.03
    -201.96     -0.05
    -200.93      0.06
    -199.90      0.27
    -198.87     -0.16
    -197.84      0.09
    -196.81     -0.02
    -195.78     -0.03
    -194.75     -0.07
    -193.72     -0.15
    -192.69      0.29
    -191.66      0.04
    -190.63      0.00
    -189.60      0.01
    -188.57     -0.00
    -187.54     -0.01
    -186.51     -0.19
    -185.48      0.12
    -184.45     -0.03
    -183.42      0.11
    -182.39     -0.19
    -181.35      0.08
    -180.32      0.22
    -179.29      0.02
    -178.26     -0.13
    -177.23      0.12
    -176.20     -0.06
    -175.17      0.16
    -174.14     -0.18
    -173.11      0.32
    -172.08      0.02
    -171.05      0.08
    -170.02     -0.03
    -168.99      0.04
    -167.96     -0.11
    -166.93      0.11
    -165.90     -0.04
    -164.87      0.22
    -163.84      0.23
    -162.81      0.08
    -161.78      0.02
    -160.75     -0.07
    -159.72     -0.10
    -158.69     -0.11
    -157.65      0.03
    -156.62      0.01
    -155.59     -0.01
    -154.56     -0.01
    -153.53     -0.25
    -152.50      0.23
    -151.47      0.04
    -150.44      0.09
    -149.41     -0.20
    -148.38      0.25
    -147.35      0.05
    -146.32     -0.04
    -145.29     -0.15
    -144.26      0.03
    -143.23      0.06
    -142.20     -0.15
    -141.17     -0.08
    -140.14     -0.09
    -139.11     -0.14
    -138.08     -0.10
    -137.05     -0.10
    -136.02     -0.03
    -134.99      0.07
    -133.96     -0.03
    -132.92      0.22
    -131.89     -0.02
    -130.86      0.00
    -129.83      0.10
    -128.80     -0.04
    -127.77      0.05
    -126.74      0.05
    -125.71      0.10
    -124.68     -0.00
    -123.65      0.02
    -122.62     -0.10
    -121.59     -0.01
    -120.56     -0.10
    -119.53      0.06
    -118.50     -0.02
    -117.47      0.04
    -116.44     -0.03
    -115.41      0.13
    -114.38     -0.05
    -113.35      0.07
    -112.32      0.08
    -111.29      0.20
    -110.26     -0.01
    -109.23      0.03
    -108.19     -0.03
    -107.16     -0.06
    -106.13     -0.10
    -105.10      0.02
    -104.07      0.06
    -103.04     -0.12
    -102.01     -0.04
    -100.98     -0.05
     -99.95      0.18
     -98.92      0.34
     -97.89     -0.04
     -96.86      0.02
     -95.83      0.04
     -94.80     -0.08
     -93.77      0.00
     -92.74      0.24
     -91.71     -0.02
     -90.68      0.20
     -89.65      0.05
     -88.62     -0.06
     -87.59     -0.03
     -86.56      0.24
     -85.53      0.04
     -84.49     -0.07
     -83.46      0.15
     -82.43     -0.10
     -81.40     -0.06
     -80.37     -0.07
     -79.34     -0.17
     -78.31     -0.08
     -77.28      0.11
     -76.25      0.07
     -75.22     -0.03
     -74.19      0.20
     -73.16      0.11
     -72.13      0.13
     -71.10      0.38
     -70.07      0.52
     -69.04      0.44
     -68.01      0.44
     -66.98      0.60
     -65.95      0.84
     -64.92      0.82
     -63.89      1.30
     -62.86      1.65
     -61.83      1.89
     -60.80      2.47
     -59.76      3.24
     -58.73      4.23
     -57.70      5.55
     -56.67      7.04
     -55.64      9.15
     -54.61     11.31
     -53.58     14.71
     -52.55     17.59
     -51.52     20.97
     -50.49     24.18
     -49.46     26.81
     -48.43     27.58
     -47.40     26.89
     -46.37     23.65
     -45.34     19.60
     -44.31     16.52
     -43.28     14.81
     -42.25     14.10
     -41.22     14.53
     -40.19     15.53
     -39.16     17.79
     -38.13     21.41
     -37.10     26.70
     -36.06     32.61
     -35.03     38.02
     -34.00     41.97
     -32.97     44.16
     -31.94     44.46
     -30.91     44.17
     -29.88     45.32
     -28.85     47.09
     -27.82     48.89
     -26.79     51.36
     -25.76     52.99
     -24.73     53.58
     -23.70     52.53
     -22.67     49.48
     -21.64     46.04
     -20.61     41.10
     -19.58     36.82
     -18.55     33.69
     -17.52     32.00
     -16.49     31.11
     -15.46     30.16
     -14.43     28.95
     -13.40     27.26
     -12.37     25.31
     -11.33     23.05
     -10.30     20.69
      -9.27     17.68
      -8.24     15.22
      -7.21     13.40
      -6.18     12.47
      -5.15     12.37
      -4.12     14.72
      -3.09     18.88
      -2.06     23.00
      -1.03     27.09
       0.00     32.47
       1.03     37.34
       2.06     41.64
       3.09     43.76
       4.12     41.85
       5.15     38.39
       6.18     35.52
       7.21     34.76
       8.24     37.90
       9.27     43.58
      10.30     50.42
      11.33     54.81
      12.37     54.94
      13.40     52.20
      14.43     54.17
      15.46     67.59
      16.49     71.11
      17.52     69.77
      18.55     70.31
      19.58     69.93
      20.61     68.94
      21.64     69.88
      22.67     72.71
      23.70     76.17
      24.73     80.98
      25.76     85.65
      26.79     86.91
      27.82     82.33
      28.85     79.92
      29.88     87.00
      30.91    100.97
      31.94    113.07
      32.97    117.25
      34.00    116.19
      35.03    113.36
      36.06    109.56
      37.10    104.17
      38.13    100.92
      39.16     99.65
      40.19     96.92
      41.22     92.53
      42.25     90.14
      43.28     90.19
      44.31     89.26
      45.34     92.71
      46.37     97.91
      47.40    103.81
      48.43    108.62
      49.46    110.90
      50.49    110.01
      51.52    104.79
      52.55    101.67
      53.58     99.92
      54.61     97.04
      55.64     94.33
      56.67     91.68
      57.70     90.09
      58.73     88.57
      59.76     87.37
      60.80     83.55
      61.83     78.36
      62.86     72.32
      63.89     66.64
      64.92     61.48
      65.95     56.86
      66.98     54.32
      68.01     52.71
      69.04     51.67
      70.07     51.51
      71.10     52.07
      72.13     53.23
      73.16     55.39
      74.19     56.98
      75.22     58.47
      76.25     60.24
      77.28     62.76
      78.31     64.70
      79.34     66.65
      80.37     68.16
      81.40     68.52
      82.43     70.41
      83.46     72.79
      84.49     75.94
      85.53     77.65
      86.56     77.61
      87.59     76.00
      88.62     73.66
      89.65     72.05
      90.68     71.66
      91.71     71.50
      92.74     70.41
      93.77     67.48
      94.80     63.41
      95.83     59.22
      96.86     54.16
      97.89     48.87
      98.92     44.22
      99.95     39.84
     100.98     35.21
     102.01     31.17
     103.04     27.27
     104.07     23.29
     105.10     19.59
     106.13     15.99
     107.16     12.83
     108.19      9.94
     109.23      7.88
     110.26      6.28
     111.29      5.11
     112.32      4.15
     113.35      3.67
     114.38      2.77
     115.41      2.67
     116.44      1.94
     117.47      1.67
     118.50      1.43
     119.53      1.18
     120.56      0.84
     121.59      0.81
     122.62      0.77
     123.65      0.80
     124.68      0.62
     125.71      0.46
     126.74      0.45
     127.77      0.51
     128.80      0.47
     129.83      0.24
     130.86      0.26
     131.89      0.37
     132.92      0.21
     133.96      0.27
     134.99      0.17
     136.02      0.25
     137.05      0.35
     138.08      0.31
     139.11      0.15
     140.14     -0.10
     141.17      0.01
     142.20      0.12
     143.23     -0.03
     144.26      0.30
     145.29      0.16
     146.32      0.15
     147.35      0.12
     148.38      0.21
     149.41      0.01
     150.44      0.16
     151.47      0.23
     152.50     -0.04
     153.53     -0.16
     154.56      0.07
     155.59      0.06
     156.62      0.08
     157.65     -0.02
     158.69      0.15
     159.72      0.02
     160.75      0.19
     161.78      0.06
     162.81     -0.01
     163.84     -0.01
     164.87      0.08
     165.90      0.04
     166.93      0.19
     167.96     -0.05
     168.99      0.20
     170.02     -0.04
     171.05      0.09
     172.08      0.07
     173.11      0.12
     174.14      0.09
     175.17      0.14
     176.20     -0.23
     177.23      0.10
     178.26     -0.26
     179.29      0.04
     180.32     -0.09
     181.35     -0.12
     182.39     -0.08
     183.42     -0.05
     184.45     -0.08
     185.48      0.26
     186.51     -0.21
     187.54      0.08
     188.57      0.10
     189.60      0.02
     190.63     -0.11
     191.66      0.09
     192.69     -0.05
     193.72      0.00
     194.75     -0.01
     195.78     -0.03
     196.81      0.12
     197.84     -0.13
     198.87      0.05
     199.90      0.05
     200.93      0.18
     201.96     -0.01
     202.99     -0.27
     204.02     -0.03
     205.05      0.07
     206.08     -0.14
     207.12      0.01
     208.15      0.13
     209.18      0.04
     210.21      0.14
     211.24      0.15
     212.27      0.25
     213.30      0.07
     214.33     -0.12
     215.36     -0.12
     216.39     -0.05
     217.42     -0.27
     218.45      0.08
     219.48     -0.07
     220.51     -0.08
     221.54     -0.01
     222.57     -0.05
     223.60     -0.10
     224.63      0.03
     225.66     -0.09
     226.69     -0.08
     227.72      0.15
     228.75      0.03
     229.78     -0.05
     230.82      0.11
     231.85     -0.08
     232.88      0.14
     233.91      0.11
     234.94     -0.12
     235.97      0.12
     237.00      0.13
     238.03     -0.09
     239.06      0.04
     240.09     -0.02
     241.12      0.04
     242.15     -0.14
     243.18      0.13
     244.21     -0.01
     245.24      0.04
     246.27     -0.07
     247.30      0.03
     248.33      0.07
     249.36     -0.13
     250.39      0.08
     251.42     -0.09
     252.45     -0.20
     253.48      0.06
     254.51      0.01
     255.55      0.01
     256.58     -0.08
     257.61      0.10
     258.64      0.04
     259.67     -0.02
     260.70     -0.07
     261.73     -0.01
     262.76     -0.10
     263.79      0.14
     264.82      0.08
     265.85     -0.13
     266.88      0.12
     267.91      0.13
     268.94     -0.10
     269.97     -0.03
     271.00     -0.03
     272.03      0.16
     273.06     -0.09
     274.09      0.08
     275.12     -0.22
     276.15      0.23
     277.18     -0.06
     278.21      0.29
     279.25     -0.15
     280.28     -0.04
     281.31      0.08
     282.34      0.06
     283.37     -0.02
     284.40     -0.37
     285.43     -0.03
     286.46      0.04
     287.49      0.02
     288.52     -0.01
     289.55      0.02
     290.58      0.07
     291.61      0.13
     292.64      0.05
     293.67      0.15
     294.70      0.02
     295.73      0.06
     296.76     -0.02
     297.79     -0.09
     298.82     -0.06
     299.85     -0.05
     300.88      0.17
     301.91     -0.27
     302.94      0.08
     303.98      0.17
     305.01      0.22
     306.04     -0.03
     307.07      0.22
     308.10     -0.08
     309.13     -0.11
     310.16      0.01
     311.19     -0.22
     312.22     -0.03
     313.25      0.13
     314.28     -0.07
     315.31      0.17
     316.34      0.11
     317.37      0.07
     318.40     -0.06
     319.43      0.23
     320.46     -0.11
     321.49      0.10
     322.52     -0.13
     323.55     -0.04
     324.58     -0.01
     325.61      0.16
     326.64     -0.07
     327.68      0.04
     328.71     -0.17
     329.74     -0.14
     330.77     -0.00
     331.80      0.12
     332.83     -0.15
     333.86     -0.12
     334.89      0.08
     335.92      0.10
     336.95     -0.04
     337.98      0.11
     339.01     -0.08
     340.04     -0.09
     341.07      0.01
     342.10     -0.01
     343.13      0.05
     344.16     -0.08
     345.19     -0.05
     346.22     -0.00
     347.25      0.01
     348.28     -0.13
     349.31      0.13
     350.34      0.12
     351.37     -0.12
     352.41      0.15
     353.44     -0.07
     354.47      0.00
     355.50     -0.07
     356.53      0.05
     357.56      0.04
     358.59      0.14
     359.62      0.11
     360.65      0.13
     361.68     -0.15
     362.71      0.01
     363.74     -0.10
     364.77      0.09
     365.80      0.08
     366.83      0.01
     367.86     -0.09
     368.89     -0.02
     369.92     -0.08
     370.95     -0.06
     371.98     -0.10
     373.01     -0.03
     374.04     -0.15
     375.07      0.10
     376.10      0.02
     377.14      0.11
     378.17      0.08
     379.20     -0.16
     380.23      0.15
     381.26     -0.01
     382.29     -0.01
     383.32      0.06
     384.35      0.15
     385.38      0.07
     386.41     -0.04
     387.44     -0.11
     388.47     -0.05
     389.50     -0.07
     390.53     -0.08
     391.56      0.04
     392.59     -0.02
     393.62      0.15
     394.65     -0.10
     395.68      0.02
     396.71      0.12
     397.74      0.20
     398.77      0.18
     399.80     -0.12
   
