%%             20.00000             0.00000    0             0.27000
% LAB  survey ------------------
% wanted position:  l, b, RA, DEC, and interpolated  NH
% 20.00 ;   0.00 ; 276.88 ; -11.49 ;  0.203E+23
% nearest position: l, b, RA, DEC, and observed NH
% 20.00 ;   0.00 ; 276.88 ; -11.49 ;  0.203E+23
% GASS III survey --------------
% NH - median within 6 arcmin radius  0.207E+23
% NH - mean within specified beam     0.210E+23
%%GASS   1221  datapoints: v_lsr [km/s] and T_B [K] for beam weighted average and median within 6 arcmin
     399.83      0.13      0.10
     399.01      0.12      0.23
     398.19     -0.04     -0.03
     397.36     -0.20     -0.18
     396.54      0.01     -0.12
     395.71      0.04     -0.04
     394.89      0.04      0.20
     394.06     -0.12     -0.13
     393.24     -0.14     -0.18
     392.42      0.18      0.13
     391.59      0.12      0.04
     390.77      0.09      0.05
     389.94     -0.03     -0.08
     389.12     -0.25     -0.31
     388.29     -0.09     -0.08
     387.47     -0.17     -0.20
     386.64     -0.03      0.08
     385.82     -0.02     -0.24
     385.00      0.12      0.03
     384.17     -0.09     -0.11
     383.35     -0.05     -0.09
     382.52     -0.01     -0.09
     381.70      0.08     -0.00
     380.87      0.01     -0.06
     380.05     -0.05     -0.12
     379.22      0.01      0.09
     378.40     -0.00     -0.08
     377.58      0.02     -0.06
     376.75      0.06      0.04
     375.93     -0.05     -0.10
     375.10      0.33      0.30
     374.28      0.04      0.15
     373.45     -0.05     -0.08
     372.63     -0.12     -0.07
     371.81     -0.12     -0.21
     370.98     -0.05     -0.17
     370.16      0.10      0.11
     369.33      0.12      0.04
     368.51      0.09      0.06
     367.68      0.04     -0.05
     366.86     -0.09     -0.08
     366.03     -0.05     -0.03
     365.21     -0.06     -0.09
     364.39     -0.09     -0.24
     363.56      0.00     -0.02
     362.74      0.03     -0.01
     361.91     -0.13     -0.11
     361.09     -0.01     -0.09
     360.26      0.02     -0.06
     359.44      0.09      0.08
     358.61     -0.08     -0.03
     357.79      0.01     -0.08
     356.97     -0.10     -0.11
     356.14     -0.04      0.04
     355.32      0.01      0.08
     354.49     -0.13     -0.16
     353.67      0.10      0.16
     352.84      0.03     -0.06
     352.02     -0.03     -0.13
     351.20      0.02      0.15
     350.37      0.09      0.16
     349.55     -0.06     -0.16
     348.72     -0.04      0.01
     347.90     -0.03     -0.24
     347.07      0.02     -0.00
     346.25      0.03      0.10
     345.42      0.02     -0.11
     344.60     -0.14     -0.17
     343.78     -0.09     -0.15
     342.95     -0.00      0.08
     342.13      0.15      0.16
     341.30     -0.19     -0.20
     340.48     -0.15     -0.22
     339.65     -0.05     -0.13
     338.83      0.16      0.13
     338.00      0.14      0.16
     337.18      0.09     -0.11
     336.36     -0.02      0.13
     335.53     -0.09     -0.02
     334.71     -0.03     -0.12
     333.88     -0.04     -0.17
     333.06     -0.07     -0.12
     332.23     -0.14     -0.22
     331.41      0.05      0.04
     330.59      0.03      0.04
     329.76      0.03     -0.07
     328.94      0.09     -0.05
     328.11      0.07      0.03
     327.29     -0.07     -0.00
     326.46      0.08     -0.04
     325.64     -0.04     -0.14
     324.81      0.27      0.27
     323.99     -0.25     -0.33
     323.17     -0.11     -0.13
     322.34      0.05      0.08
     321.52      0.17      0.12
     320.69      0.11     -0.03
     319.87      0.22      0.26
     319.04     -0.00      0.01
     318.22      0.07      0.14
     317.39     -0.09     -0.28
     316.57     -0.12     -0.31
     315.75      0.05     -0.02
     314.92      0.12      0.08
     314.10     -0.14     -0.15
     313.27      0.09      0.01
     312.45      0.04      0.08
     311.62      0.10      0.03
     310.80      0.03      0.17
     309.98      0.06      0.03
     309.15     -0.01      0.06
     308.33      0.06      0.11
     307.50      0.10      0.19
     306.68     -0.06     -0.19
     305.85      0.06     -0.02
     305.03     -0.06     -0.01
     304.20     -0.09     -0.20
     303.38      0.02     -0.12
     302.56     -0.15     -0.26
     301.73      0.16     -0.04
     300.91      0.14      0.09
     300.08     -0.06      0.04
     299.26      0.11     -0.03
     298.43     -0.07     -0.04
     297.61      0.09     -0.07
     296.78      0.01      0.03
     295.96     -0.03     -0.06
     295.14     -0.04      0.13
     294.31      0.01      0.02
     293.49      0.04     -0.06
     292.66     -0.06     -0.09
     291.84      0.00     -0.09
     291.01      0.09     -0.06
     290.19     -0.13     -0.07
     289.37      0.01      0.17
     288.54      0.05      0.05
     287.72     -0.01     -0.10
     286.89      0.14      0.17
     286.07     -0.02      0.04
     285.24     -0.03      0.06
     284.42     -0.11     -0.19
     283.59      0.16      0.13
     282.77     -0.06     -0.18
     281.95     -0.05      0.09
     281.12      0.06      0.11
     280.30     -0.03     -0.07
     279.47     -0.07     -0.19
     278.65     -0.01      0.02
     277.82     -0.05     -0.26
     277.00     -0.14      0.01
     276.17      0.03      0.05
     275.35      0.00     -0.14
     274.53     -0.14     -0.21
     273.70      0.05      0.09
     272.88     -0.06      0.06
     272.05      0.14      0.04
     271.23      0.12      0.08
     270.40     -0.04      0.15
     269.58      0.16      0.29
     268.76      0.08     -0.03
     267.93      0.18      0.32
     267.11      0.12      0.16
     266.28      0.11      0.16
     265.46      0.05     -0.11
     264.63      0.11      0.16
     263.81      0.05      0.21
     262.98      0.08      0.07
     262.16      0.02      0.01
     261.34      0.01      0.06
     260.51      0.06      0.10
     259.69      0.03     -0.13
     258.86      0.00      0.05
     258.04      0.01      0.12
     257.21      0.05      0.02
     256.39     -0.13     -0.34
     255.56     -0.11     -0.10
     254.74      0.08     -0.21
     253.92     -0.17     -0.33
     253.09     -0.00      0.01
     252.27     -0.05     -0.18
     251.44      0.00     -0.04
     250.62     -0.02     -0.13
     249.79      0.11      0.01
     248.97     -0.01      0.02
     248.14     -0.04      0.06
     247.32     -0.16     -0.18
     246.50     -0.17     -0.19
     245.67      0.09      0.15
     244.85     -0.03     -0.17
     244.02      0.10      0.13
     243.20     -0.08     -0.03
     242.37     -0.13     -0.23
     241.55      0.14      0.13
     240.73     -0.20     -0.21
     239.90     -0.04     -0.16
     239.08     -0.03     -0.12
     238.25      0.18      0.24
     237.43      0.06      0.08
     236.60      0.05     -0.01
     235.78      0.05     -0.01
     234.95     -0.04     -0.10
     234.13     -0.04     -0.14
     233.31     -0.13     -0.09
     232.48      0.05      0.09
     231.66     -0.09     -0.08
     230.83     -0.02      0.03
     230.01      0.07      0.20
     229.18     -0.11     -0.19
     228.36     -0.16     -0.14
     227.53      0.06      0.12
     226.71      0.06      0.14
     225.89     -0.13     -0.07
     225.06     -0.11     -0.15
     224.24      0.05      0.04
     223.41     -0.03     -0.15
     222.59     -0.05     -0.03
     221.76      0.16      0.26
     220.94     -0.04     -0.10
     220.12      0.00     -0.05
     219.29      0.06      0.21
     218.47     -0.04     -0.06
     217.64      0.04      0.17
     216.82     -0.11     -0.22
     215.99      0.01     -0.15
     215.17     -0.25     -0.37
     214.34     -0.11     -0.12
     213.52      0.03      0.02
     212.70     -0.10     -0.24
     211.87      0.27      0.35
     211.05     -0.06     -0.01
     210.22      0.03      0.12
     209.40     -0.00     -0.09
     208.57      0.04      0.15
     207.75      0.07     -0.01
     206.92      0.05     -0.13
     206.10      0.00     -0.09
     205.28     -0.08     -0.19
     204.45      0.09      0.09
     203.63      0.10      0.19
     202.80      0.10      0.07
     201.98      0.02     -0.03
     201.15      0.10      0.01
     200.33     -0.09     -0.00
     199.51     -0.02     -0.10
     198.68     -0.12     -0.20
     197.86     -0.03      0.16
     197.03      0.04     -0.10
     196.21      0.06      0.14
     195.38      0.12      0.07
     194.56      0.07      0.01
     193.73     -0.10     -0.23
     192.91      0.11      0.04
     192.09      0.06      0.04
     191.26      0.06      0.22
     190.44      0.03     -0.10
     189.61     -0.08     -0.23
     188.79      0.11      0.13
     187.96      0.06     -0.10
     187.14     -0.03     -0.03
     186.31      0.18      0.26
     185.49     -0.01     -0.01
     184.67      0.13      0.29
     183.84     -0.12     -0.07
     183.02      0.15      0.08
     182.19      0.08     -0.02
     181.37      0.21     -0.06
     180.54      0.01     -0.17
     179.72      0.02     -0.00
     178.90      0.18      0.16
     178.07      0.11      0.07
     177.25     -0.06     -0.03
     176.42      0.03     -0.07
     175.60     -0.03      0.03
     174.77      0.03      0.08
     173.95      0.10      0.03
     173.12      0.16      0.21
     172.30     -0.07     -0.07
     171.48     -0.00      0.15
     170.65     -0.07     -0.02
     169.83      0.18     -0.03
     169.00      0.10      0.03
     168.18     -0.03     -0.03
     167.35      0.05     -0.10
     166.53     -0.01     -0.08
     165.70      0.14      0.20
     164.88     -0.02     -0.02
     164.06      0.03     -0.01
     163.23      0.03     -0.08
     162.41     -0.04     -0.22
     161.58      0.17      0.21
     160.76      0.05     -0.13
     159.93      0.03      0.00
     159.11      0.03     -0.13
     158.29      0.08     -0.03
     157.46     -0.02     -0.15
     156.64      0.33      0.36
     155.81      0.10      0.06
     154.99      0.13      0.17
     154.16      0.30      0.31
     153.34      0.35      0.46
     152.51      0.26      0.23
     151.69      0.52      0.62
     150.87      0.54      0.69
     150.04      0.55      0.52
     149.22      0.66      0.52
     148.39      0.59      0.46
     147.57      0.50      0.46
     146.74      0.72      0.56
     145.92      0.91      0.94
     145.09      0.86      0.76
     144.27      0.81      0.67
     143.45      1.18      1.20
     142.62      1.31      1.33
     141.80      1.44      1.36
     140.97      1.48      1.40
     140.15      1.73      1.61
     139.32      1.77      1.66
     138.50      2.08      1.89
     137.68      2.62      2.47
     136.85      2.96      3.06
     136.03      3.57      3.46
     135.20      4.43      4.20
     134.38      5.57      5.46
     133.55      7.05      7.07
     132.73      8.81      8.69
     131.90     11.41     11.35
     131.08     14.97     14.79
     130.26     19.26     19.05
     129.43     23.93     23.79
     128.61     28.79     28.28
     127.78     33.79     33.18
     126.96     39.03     38.84
     126.13     44.54     44.33
     125.31     50.53     50.08
     124.48     56.47     55.89
     123.66     62.65     62.19
     122.84     67.78     67.21
     122.01     71.12     70.92
     121.19     73.79     73.09
     120.36     74.81     74.50
     119.54     74.90     74.66
     118.71     75.01     74.42
     117.89     74.59     73.82
     117.07     73.22     72.95
     116.24     70.48     70.22
     115.42     67.01     66.56
     114.59     62.35     61.91
     113.77     57.28     56.36
     112.94     52.72     52.06
     112.12     47.18     46.64
     111.29     42.13     41.90
     110.47     37.26     36.98
     109.65     32.88     32.30
     108.82     29.80     29.22
     108.00     27.22     26.27
     107.17     25.01     24.02
     106.35     23.70     22.94
     105.52     22.73     21.69
     104.70     22.48     21.66
     103.87     23.00     22.22
     103.05     24.10     23.27
     102.23     25.91     25.27
     101.40     28.19     27.40
     100.58     31.26     31.58
      99.75     34.06     33.90
      98.93     37.38     36.98
      98.10     40.82     40.72
      97.28     43.76     43.64
      96.46     46.13     45.84
      95.63     48.33     48.03
      94.81     49.78     48.79
      93.98     50.95     50.50
      93.16     50.76     49.93
      92.33     50.86     50.09
      91.51     50.49     49.96
      90.68     49.65     48.95
      89.86     49.17     48.59
      89.04     48.57     48.02
      88.21     48.28     47.87
      87.39     48.07     47.34
      86.56     49.21     48.81
      85.74     50.65     50.37
      84.91     52.88     52.88
      84.09     55.39     55.06
      83.26     58.22     57.37
      82.44     60.46     59.92
      81.62     63.04     62.67
      80.79     65.19     64.81
      79.97     67.08     66.47
      79.14     68.20     67.55
      78.32     69.51     68.26
      77.49     69.80     68.74
      76.67     70.60     69.76
      75.84     70.90     69.87
      75.02     71.57     70.56
      74.20     71.81     71.18
      73.37     70.44     69.66
      72.55     70.25     69.44
      71.72     69.60     68.80
      70.90     70.01     69.96
      70.07     69.87     68.89
      69.25     69.51     69.43
      68.43     67.40     66.64
      67.60     66.46     65.31
      66.78     65.21     64.60
      65.95     64.24     62.95
      65.13     64.65     64.86
      64.30     66.23     66.17
      63.48     69.43     69.03
      62.65     74.13     74.40
      61.83     78.06     77.57
      61.01     82.56     82.47
      60.18     85.70     87.04
      59.36     88.41     88.88
      58.53     89.53     89.37
      57.71     88.94     89.10
      56.88     88.10     88.13
      56.06     88.31     89.31
      55.23     89.02     89.20
      54.41     88.77     88.68
      53.59     87.38     87.08
      52.76     84.31     84.09
      51.94     80.35     80.43
      51.11     76.44     76.26
      50.29     72.76     72.22
      49.46     70.69     69.24
      48.64     68.55     68.09
      47.82     66.93     65.78
      46.99     65.44     65.36
      46.17     65.22     64.84
      45.34     68.19     67.49
      44.52     69.70     69.18
      43.69     71.09     71.20
      42.87     71.72     70.99
      42.04     72.36     72.29
      41.22     72.85     72.69
      40.40     73.84     72.66
      39.57     74.67     74.45
      38.75     76.42     75.73
      37.92     79.86     79.55
      37.10     83.84     84.17
      36.27     87.33     86.99
      35.45     89.34     89.30
      34.62     91.31     90.87
      33.80     93.69     92.28
      32.98     96.28     95.38
      32.15     97.51     97.24
      31.33     97.30     97.22
      30.50     98.94     98.39
      29.68    101.26    100.59
      28.85    105.70    104.16
      28.03    108.74    107.59
      27.21    112.55    112.41
      26.38    115.46    114.00
      25.56    118.68    116.33
      24.73    120.48    119.23
      23.91    121.84    120.49
      23.08    120.93    117.72
      22.26    120.83    119.05
      21.43    120.69    118.59
      20.61    121.57    120.41
      19.79    121.15    120.72
      18.96    118.36    116.91
      18.14    113.09    112.08
      17.31    106.88    107.01
      16.49    101.48    100.91
      15.66     98.00     96.52
      14.84     97.57     96.79
      14.01     98.21     97.40
      13.19    100.03    100.03
      12.37    102.39    102.12
      11.54    105.73    104.93
      10.72    108.01    106.98
       9.89    110.49    108.64
       9.07    110.04    110.26
       8.24    102.54    101.79
       7.42     89.68     89.02
       6.60     84.43     83.67
       5.77     83.37     82.94
       4.95     74.87     74.34
       4.12     54.58     52.96
       3.30     53.22     52.29
       2.47     77.32     76.53
       1.65     89.40     88.01
       0.82     88.82     88.86
       0.00     87.83     87.61
      -0.82     83.72     83.74
      -1.65     78.31     78.71
      -2.47     77.43     76.86
      -3.30     77.25     76.20
      -4.12     76.80     75.96
      -4.95     75.85     73.70
      -5.77     72.92     71.26
      -6.60     69.60     66.91
      -7.42     66.66     65.59
      -8.24     64.22     61.43
      -9.07     61.75     59.16
      -9.89     60.52     57.94
     -10.72     59.19     56.63
     -11.54     58.14     56.12
     -12.37     56.91     54.87
     -13.19     55.32     53.14
     -14.01     53.37     52.10
     -14.84     51.45     50.32
     -15.66     49.48     48.98
     -16.49     48.04     47.18
     -17.31     46.70     46.91
     -18.14     44.86     44.93
     -18.96     44.03     43.44
     -19.79     42.78     43.02
     -20.61     42.03     41.26
     -21.43     42.22     41.21
     -22.26     43.86     43.20
     -23.08     46.47     46.67
     -23.91     50.45     49.60
     -24.73     55.06     54.97
     -25.56     58.80     58.05
     -26.38     61.44     60.54
     -27.21     61.62     61.09
     -28.03     60.92     59.25
     -28.85     59.98     58.54
     -29.68     57.67     56.46
     -30.50     54.71     53.50
     -31.33     51.10     49.20
     -32.15     46.82     45.94
     -32.98     41.49     39.79
     -33.80     35.88     34.99
     -34.62     30.29     30.00
     -35.45     25.12     24.36
     -36.27     20.84     20.57
     -37.10     17.12     16.73
     -37.92     13.79     13.35
     -38.75     11.18     10.93
     -39.57      8.97      8.90
     -40.40      7.39      7.46
     -41.22      5.77      5.89
     -42.04      4.54      4.58
     -42.87      3.71      3.58
     -43.69      2.93      2.77
     -44.52      2.47      2.52
     -45.34      2.11      1.94
     -46.17      1.58      1.41
     -46.99      1.16      1.28
     -47.82      1.04      1.24
     -48.64      0.79      0.64
     -49.46      0.57      0.57
     -50.29      0.52      0.46
     -51.11      0.49      0.45
     -51.94      0.47      0.47
     -52.76      0.30      0.21
     -53.59      0.16      0.13
     -54.41      0.01     -0.00
     -55.23      0.14      0.18
     -56.06      0.11      0.13
     -56.88      0.06     -0.07
     -57.71      0.06      0.01
     -58.53      0.00     -0.03
     -59.36      0.02      0.04
     -60.18      0.11      0.18
     -61.01     -0.04     -0.01
     -61.83     -0.17     -0.17
     -62.65      0.10     -0.12
     -63.48      0.08     -0.20
     -64.30      0.13     -0.20
     -65.13      0.05     -0.03
     -65.95     -0.06     -0.10
     -66.78     -0.14     -0.10
     -67.60     -0.09     -0.02
     -68.43     -0.07     -0.21
     -69.25     -0.09     -0.21
     -70.07     -0.02     -0.19
     -70.90      0.11      0.10
     -71.72      0.07      0.13
     -72.55     -0.02     -0.04
     -73.37     -0.01      0.02
     -74.20     -0.02     -0.10
     -75.02      0.00     -0.03
     -75.84      0.07     -0.05
     -76.67      0.09     -0.07
     -77.49     -0.04      0.04
     -78.32     -0.03     -0.11
     -79.14      0.00     -0.04
     -79.97      0.03     -0.05
     -80.79      0.08      0.16
     -81.62     -0.06     -0.30
     -82.44     -0.04     -0.13
     -83.26      0.02     -0.15
     -84.09      0.12      0.02
     -84.91      0.02     -0.11
     -85.74     -0.13     -0.13
     -86.56      0.00      0.13
     -87.39      0.14      0.11
     -88.21      0.01     -0.04
     -89.04      0.04     -0.18
     -89.86     -0.03     -0.10
     -90.68     -0.04     -0.07
     -91.51      0.18      0.26
     -92.33      0.08      0.11
     -93.16      0.08      0.06
     -93.98     -0.08     -0.21
     -94.81     -0.13     -0.21
     -95.63      0.07      0.09
     -96.46      0.12      0.16
     -97.28      0.11      0.13
     -98.10      0.06      0.08
     -98.93      0.14      0.15
     -99.75     -0.04     -0.11
    -100.58     -0.24     -0.34
    -101.40     -0.01     -0.05
    -102.23      0.13      0.05
    -103.05     -0.11     -0.12
    -103.87      0.11      0.13
    -104.70     -0.02     -0.06
    -105.52     -0.13     -0.13
    -106.35     -0.14     -0.12
    -107.17     -0.07     -0.13
    -108.00      0.03     -0.05
    -108.82      0.01     -0.01
    -109.65      0.01     -0.05
    -110.47     -0.08     -0.12
    -111.29     -0.16     -0.21
    -112.12      0.10      0.10
    -112.94     -0.14     -0.14
    -113.77     -0.00      0.11
    -114.59     -0.11     -0.12
    -115.42      0.09      0.09
    -116.24     -0.02     -0.06
    -117.07      0.10      0.04
    -117.89      0.02      0.13
    -118.71     -0.01     -0.04
    -119.54      0.06      0.01
    -120.36     -0.10     -0.14
    -121.19      0.04      0.12
    -122.01     -0.14     -0.12
    -122.84     -0.06     -0.01
    -123.66     -0.01     -0.16
    -124.48      0.28      0.30
    -125.31     -0.09     -0.08
    -126.13     -0.08      0.07
    -126.96      0.07      0.12
    -127.78     -0.08     -0.23
    -128.61     -0.08     -0.13
    -129.43     -0.08     -0.32
    -130.26      0.04      0.01
    -131.08     -0.04     -0.14
    -131.90      0.02     -0.06
    -132.73     -0.01     -0.14
    -133.55      0.04      0.06
    -134.38      0.04      0.17
    -135.20     -0.18     -0.09
    -136.03     -0.06     -0.13
    -136.85     -0.12     -0.14
    -137.68      0.03      0.02
    -138.50     -0.13      0.05
    -139.32     -0.27     -0.38
    -140.15     -0.01     -0.04
    -140.97     -0.03      0.12
    -141.80      0.04      0.06
    -142.62     -0.09     -0.26
    -143.45      0.06     -0.03
    -144.27      0.15      0.18
    -145.09      0.02      0.01
    -145.92      0.06     -0.04
    -146.74      0.04      0.11
    -147.57      0.06      0.01
    -148.39     -0.04     -0.17
    -149.22      0.09      0.05
    -150.04      0.03     -0.06
    -150.87      0.06      0.14
    -151.69      0.16      0.12
    -152.51      0.12      0.19
    -153.34      0.12     -0.03
    -154.16     -0.13     -0.07
    -154.99      0.06      0.14
    -155.81     -0.07     -0.09
    -156.64     -0.01     -0.06
    -157.46      0.06      0.20
    -158.29      0.02      0.05
    -159.11     -0.04     -0.00
    -159.93     -0.06     -0.06
    -160.76     -0.04      0.17
    -161.58     -0.01     -0.06
    -162.41      0.05     -0.08
    -163.23     -0.01      0.06
    -164.06     -0.02     -0.04
    -164.88      0.09      0.00
    -165.70      0.05      0.25
    -166.53     -0.14     -0.22
    -167.35      0.07      0.14
    -168.18     -0.04     -0.03
    -169.00      0.17      0.40
    -169.83      0.20      0.12
    -170.65     -0.02     -0.02
    -171.48      0.13      0.08
    -172.30      0.11      0.22
    -173.12      0.12      0.15
    -173.95      0.05     -0.06
    -174.77     -0.01     -0.11
    -175.60     -0.02      0.07
    -176.42     -0.02      0.00
    -177.25      0.03     -0.08
    -178.07     -0.14     -0.19
    -178.90     -0.16     -0.27
    -179.72      0.05      0.00
    -180.54      0.07     -0.04
    -181.37     -0.02     -0.06
    -182.19      0.13      0.18
    -183.02     -0.06     -0.07
    -183.84      0.07     -0.04
    -184.67     -0.05      0.02
    -185.49      0.05      0.01
    -186.31     -0.14     -0.14
    -187.14     -0.14     -0.30
    -187.96      0.12      0.26
    -188.79     -0.11     -0.00
    -189.61      0.03     -0.01
    -190.44      0.16      0.24
    -191.26     -0.20     -0.17
    -192.09     -0.03      0.09
    -192.91      0.03     -0.00
    -193.73     -0.12     -0.21
    -194.56      0.00     -0.19
    -195.38     -0.03     -0.03
    -196.21     -0.19     -0.25
    -197.03      0.02      0.18
    -197.86     -0.11     -0.03
    -198.68      0.05     -0.01
    -199.51     -0.10     -0.18
    -200.33     -0.00     -0.01
    -201.15     -0.08     -0.05
    -201.98     -0.13     -0.22
    -202.80     -0.08     -0.17
    -203.63      0.01     -0.19
    -204.45     -0.05     -0.05
    -205.28      0.01     -0.03
    -206.10      0.03     -0.02
    -206.92     -0.09      0.02
    -207.75      0.01      0.06
    -208.57     -0.01     -0.03
    -209.40      0.00     -0.01
    -210.22     -0.02     -0.08
    -211.05      0.09      0.14
    -211.87     -0.09     -0.11
    -212.70     -0.11     -0.14
    -213.52     -0.01     -0.13
    -214.34     -0.07     -0.07
    -215.17      0.16      0.15
    -215.99      0.16     -0.10
    -216.82     -0.20     -0.34
    -217.64      0.10     -0.02
    -218.47     -0.08     -0.28
    -219.29     -0.02      0.05
    -220.12      0.05      0.09
    -220.94      0.10      0.11
    -221.76     -0.04     -0.10
    -222.59      0.18      0.10
    -223.41      0.09      0.08
    -224.24     -0.11     -0.08
    -225.06     -0.06      0.02
    -225.89     -0.02     -0.08
    -226.71     -0.18     -0.33
    -227.53     -0.01     -0.01
    -228.36      0.01     -0.03
    -229.18      0.05     -0.05
    -230.01     -0.05      0.01
    -230.83      0.18     -0.08
    -231.66     -0.04     -0.14
    -232.48      0.04      0.04
    -233.31     -0.16     -0.29
    -234.13      0.01     -0.00
    -234.95     -0.09     -0.18
    -235.78      0.11      0.01
    -236.60     -0.06      0.06
    -237.43      0.06      0.04
    -238.25     -0.05     -0.11
    -239.08     -0.02     -0.13
    -239.90     -0.19     -0.22
    -240.73      0.01      0.05
    -241.55      0.06     -0.07
    -242.37     -0.15     -0.19
    -243.20      0.08      0.15
    -244.02      0.00     -0.03
    -244.85      0.06     -0.07
    -245.67      0.10      0.11
    -246.50     -0.06     -0.27
    -247.32      0.04      0.07
    -248.14      0.01     -0.05
    -248.97     -0.18     -0.30
    -249.79     -0.19     -0.15
    -250.62     -0.00     -0.04
    -251.44      0.01      0.08
    -252.27     -0.04     -0.06
    -253.09      0.01      0.04
    -253.92      0.03      0.02
    -254.74      0.00     -0.09
    -255.56      0.06      0.03
    -256.39      0.15      0.22
    -257.21     -0.04      0.05
    -258.04      0.14      0.11
    -258.86      0.15      0.07
    -259.69     -0.08     -0.07
    -260.51     -0.09     -0.14
    -261.34      0.09      0.02
    -262.16      0.08      0.03
    -262.98      0.17      0.15
    -263.81     -0.03     -0.02
    -264.63      0.11      0.00
    -265.46      0.05     -0.04
    -266.28      0.13      0.10
    -267.11     -0.09     -0.04
    -267.93      0.11     -0.02
    -268.76      0.09     -0.10
    -269.58      0.06      0.15
    -270.40     -0.02     -0.00
    -271.23      0.00     -0.03
    -272.05     -0.02     -0.12
    -272.88      0.03     -0.06
    -273.70     -0.10     -0.18
    -274.53     -0.19     -0.18
    -275.35     -0.03     -0.01
    -276.17      0.06      0.10
    -277.00     -0.13     -0.27
    -277.82      0.07      0.16
    -278.65     -0.14      0.03
    -279.47     -0.12     -0.11
    -280.30      0.07     -0.07
    -281.12     -0.06     -0.22
    -281.95     -0.05     -0.14
    -282.77     -0.03     -0.05
    -283.59      0.02     -0.13
    -284.42     -0.03     -0.06
    -285.24      0.18      0.04
    -286.07      0.09     -0.04
    -286.89      0.12     -0.03
    -287.72      0.11      0.08
    -288.54     -0.08     -0.09
    -289.37     -0.13     -0.20
    -290.19      0.10      0.04
    -291.01     -0.08     -0.16
    -291.84     -0.04      0.02
    -292.66      0.06      0.12
    -293.49     -0.05     -0.09
    -294.31     -0.03     -0.12
    -295.14      0.07      0.06
    -295.96      0.17      0.16
    -296.78     -0.01      0.04
    -297.61      0.10      0.01
    -298.43     -0.08     -0.15
    -299.26     -0.04      0.04
    -300.08     -0.10     -0.14
    -300.91      0.03     -0.03
    -301.73     -0.00     -0.02
    -302.56      0.03      0.05
    -303.38      0.01     -0.01
    -304.20      0.13      0.13
    -305.03      0.10      0.20
    -305.85     -0.09     -0.08
    -306.68     -0.04      0.12
    -307.50      0.00      0.17
    -308.33      0.10     -0.03
    -309.15     -0.10     -0.22
    -309.98      0.02      0.11
    -310.80     -0.06     -0.10
    -311.62      0.03      0.05
    -312.45     -0.01     -0.12
    -313.27      0.03      0.08
    -314.10      0.08     -0.06
    -314.92      0.03      0.06
    -315.75     -0.02     -0.12
    -316.57      0.10      0.04
    -317.39     -0.10     -0.19
    -318.22      0.11      0.02
    -319.04      0.07      0.04
    -319.87      0.06      0.07
    -320.69     -0.12     -0.17
    -321.52     -0.09     -0.15
    -322.34      0.06      0.14
    -323.17     -0.10     -0.24
    -323.99      0.11     -0.01
    -324.81      0.02      0.03
    -325.64      0.09      0.10
    -326.46      0.02     -0.11
    -327.29      0.20     -0.02
    -328.11      0.06      0.10
    -328.94     -0.07     -0.06
    -329.76     -0.10      0.01
    -330.59      0.03      0.13
    -331.41      0.00      0.00
    -332.23      0.13      0.08
    -333.06     -0.15     -0.20
    -333.88      0.14      0.07
    -334.71     -0.03     -0.03
    -335.53      0.04     -0.00
    -336.36      0.23      0.08
    -337.18     -0.13     -0.18
    -338.00     -0.01     -0.03
    -338.83     -0.21     -0.02
    -339.65     -0.01      0.00
    -340.48     -0.15     -0.21
    -341.30      0.02      0.12
    -342.13      0.01     -0.00
    -342.95      0.15      0.15
    -343.78      0.01      0.03
    -344.60     -0.08     -0.11
    -345.42     -0.13     -0.15
    -346.25     -0.07     -0.05
    -347.07     -0.02     -0.03
    -347.90      0.06      0.04
    -348.72     -0.02     -0.10
    -349.55     -0.12     -0.20
    -350.37      0.04      0.03
    -351.20     -0.02     -0.11
    -352.02     -0.16     -0.20
    -352.84      0.02     -0.08
    -353.67      0.13      0.13
    -354.49      0.09     -0.04
    -355.32     -0.00      0.04
    -356.14      0.02     -0.16
    -356.97     -0.11     -0.14
    -357.79     -0.06     -0.04
    -358.61      0.16      0.15
    -359.44     -0.15     -0.16
    -360.26     -0.09     -0.14
    -361.09     -0.10     -0.10
    -361.91      0.07      0.13
    -362.74     -0.09     -0.07
    -363.56      0.19      0.26
    -364.39      0.14      0.17
    -365.21      0.06      0.06
    -366.03     -0.19     -0.16
    -366.86     -0.07      0.01
    -367.68     -0.13     -0.18
    -368.51     -0.03      0.08
    -369.33     -0.12     -0.23
    -370.16     -0.04     -0.03
    -370.98     -0.07     -0.06
    -371.81     -0.08     -0.21
    -372.63     -0.06     -0.12
    -373.45      0.04      0.07
    -374.28      0.11      0.14
    -375.10      0.08     -0.02
    -375.93     -0.06     -0.34
    -376.75      0.07      0.11
    -377.58      0.08     -0.08
    -378.40     -0.05     -0.19
    -379.22     -0.08     -0.01
    -380.05      0.03      0.02
    -380.87      0.05      0.00
    -381.70      0.02     -0.12
    -382.52      0.10     -0.09
    -383.35     -0.10     -0.12
    -384.17     -0.10     -0.14
    -385.00      0.34      0.21
    -385.82     -0.02     -0.05
    -386.64      0.08      0.05
    -387.47     -0.22     -0.34
    -388.29     -0.11     -0.20
    -389.12     -0.02     -0.16
    -389.94     -0.18     -0.35
    -390.77     -0.01     -0.08
    -391.59      0.04      0.07
    -392.42     -0.05     -0.16
    -393.24      0.18     -0.02
    -394.06      0.08      0.10
    -394.89     -0.01     -0.20
    -395.71      0.10     -0.03
    -396.54     -0.02     -0.11
    -397.36      0.04      0.14
    -398.19     -0.09     -0.22
    -399.01      0.15      0.14
    -399.83      0.05      0.16
%%LAB     777  datapoints: v_lsr [km/s] and T_B [K]
    -399.81     -0.10
    -398.78     -0.01
    -397.75      0.18
    -396.72      0.02
    -395.69      0.03
    -394.66      0.07
    -393.63      0.10
    -392.60     -0.08
    -391.57      0.01
    -390.54     -0.17
    -389.51      0.17
    -388.47     -0.09
    -387.44      0.14
    -386.41     -0.26
    -385.38      0.11
    -384.35      0.08
    -383.32     -0.05
    -382.29      0.04
    -381.26     -0.00
    -380.23      0.01
    -379.20      0.12
    -378.17      0.02
    -377.14      0.00
    -376.11      0.00
    -375.08      0.07
    -374.05     -0.02
    -373.02     -0.01
    -371.99      0.05
    -370.96      0.05
    -369.93     -0.09
    -368.90      0.04
    -367.87     -0.05
    -366.84     -0.12
    -365.80     -0.08
    -364.77      0.03
    -363.74     -0.04
    -362.71      0.14
    -361.68     -0.14
    -360.65     -0.03
    -359.62     -0.09
    -358.59     -0.08
    -357.56     -0.13
    -356.53     -0.13
    -355.50     -0.10
    -354.47      0.04
    -353.44     -0.04
    -352.41      0.20
    -351.38     -0.18
    -350.35      0.12
    -349.32      0.06
    -348.29      0.15
    -347.26     -0.10
    -346.23      0.04
    -345.20      0.16
    -344.17      0.12
    -343.14     -0.14
    -342.10      0.26
    -341.07      0.08
    -340.04      0.21
    -339.01     -0.21
    -337.98      0.12
    -336.95     -0.14
    -335.92      0.08
    -334.89     -0.04
    -333.86     -0.13
    -332.83     -0.03
    -331.80      0.07
    -330.77     -0.13
    -329.74     -0.02
    -328.71     -0.04
    -327.68      0.21
    -326.65     -0.03
    -325.62      0.10
    -324.59      0.05
    -323.56     -0.00
    -322.53     -0.21
    -321.50     -0.13
    -320.47      0.13
    -319.44     -0.07
    -318.40     -0.08
    -317.37     -0.14
    -316.34      0.05
    -315.31     -0.01
    -314.28     -0.29
    -313.25      0.08
    -312.22     -0.05
    -311.19      0.32
    -310.16     -0.06
    -309.13      0.22
    -308.10      0.11
    -307.07      0.06
    -306.04     -0.00
    -305.01      0.23
    -303.98     -0.14
    -302.95      0.30
    -301.92      0.14
    -300.89     -0.04
    -299.86      0.12
    -298.83     -0.13
    -297.80     -0.27
    -296.77      0.14
    -295.74     -0.13
    -294.70      0.05
    -293.67      0.07
    -292.64      0.11
    -291.61     -0.04
    -290.58      0.24
    -289.55     -0.08
    -288.52     -0.00
    -287.49     -0.04
    -286.46     -0.07
    -285.43     -0.07
    -284.40      0.02
    -283.37     -0.07
    -282.34      0.26
    -281.31      0.01
    -280.28      0.02
    -279.25      0.00
    -278.22      0.00
    -277.19      0.05
    -276.16     -0.00
    -275.13     -0.14
    -274.10      0.19
    -273.07     -0.18
    -272.04      0.03
    -271.00     -0.18
    -269.97     -0.11
    -268.94      0.03
    -267.91      0.18
    -266.88     -0.05
    -265.85     -0.01
    -264.82     -0.15
    -263.79      0.13
    -262.76     -0.06
    -261.73     -0.11
    -260.70      0.05
    -259.67     -0.04
    -258.64      0.12
    -257.61      0.09
    -256.58     -0.01
    -255.55     -0.13
    -254.52      0.09
    -253.49     -0.15
    -252.46     -0.01
    -251.43      0.06
    -250.40     -0.14
    -249.37      0.01
    -248.34     -0.20
    -247.30      0.07
    -246.27     -0.19
    -245.24     -0.02
    -244.21     -0.25
    -243.18      0.02
    -242.15      0.02
    -241.12      0.01
    -240.09      0.08
    -239.06     -0.07
    -238.03      0.04
    -237.00      0.03
    -235.97     -0.04
    -234.94      0.08
    -233.91     -0.05
    -232.88     -0.10
    -231.85     -0.03
    -230.82     -0.15
    -229.79     -0.12
    -228.76      0.05
    -227.73      0.12
    -226.70      0.10
    -225.67     -0.18
    -224.64     -0.04
    -223.60     -0.00
    -222.57     -0.08
    -221.54      0.24
    -220.51      0.08
    -219.48      0.11
    -218.45      0.12
    -217.42      0.08
    -216.39     -0.09
    -215.36     -0.12
    -214.33     -0.03
    -213.30     -0.05
    -212.27      0.04
    -211.24     -0.06
    -210.21      0.09
    -209.18     -0.08
    -208.15      0.17
    -207.12     -0.16
    -206.09      0.09
    -205.06      0.13
    -204.03     -0.05
    -203.00     -0.30
    -201.97      0.16
    -200.94      0.10
    -199.90     -0.14
    -198.87      0.08
    -197.84      0.18
    -196.81      0.02
    -195.78      0.17
    -194.75      0.01
    -193.72      0.16
    -192.69     -0.06
    -191.66     -0.15
    -190.63      0.10
    -189.60      0.05
    -188.57     -0.17
    -187.54      0.01
    -186.51     -0.07
    -185.48      0.09
    -184.45      0.18
    -183.42     -0.01
    -182.39     -0.21
    -181.36      0.27
    -180.33     -0.02
    -179.30      0.02
    -178.27      0.07
    -177.24      0.04
    -176.20     -0.17
    -175.17      0.16
    -174.14     -0.05
    -173.11      0.28
    -172.08     -0.04
    -171.05      0.12
    -170.02     -0.01
    -168.99      0.21
    -167.96      0.02
    -166.93     -0.03
    -165.90      0.04
    -164.87      0.21
    -163.84     -0.02
    -162.81     -0.14
    -161.78     -0.03
    -160.75     -0.07
    -159.72     -0.03
    -158.69     -0.10
    -157.66      0.19
    -156.63      0.11
    -155.60     -0.28
    -154.57     -0.23
    -153.54     -0.18
    -152.50     -0.06
    -151.47     -0.02
    -150.44     -0.08
    -149.41      0.03
    -148.38      0.26
    -147.35      0.11
    -146.32      0.04
    -145.29     -0.14
    -144.26      0.02
    -143.23      0.09
    -142.20     -0.01
    -141.17     -0.02
    -140.14      0.07
    -139.11     -0.05
    -138.08      0.04
    -137.05     -0.04
    -136.02     -0.06
    -134.99      0.07
    -133.96      0.08
    -132.93     -0.03
    -131.90     -0.05
    -130.87     -0.08
    -129.84     -0.19
    -128.80     -0.07
    -127.77     -0.01
    -126.74     -0.05
    -125.71      0.15
    -124.68     -0.14
    -123.65      0.02
    -122.62     -0.03
    -121.59      0.05
    -120.56     -0.10
    -119.53     -0.02
    -118.50     -0.03
    -117.47      0.09
    -116.44     -0.11
    -115.41      0.09
    -114.38     -0.06
    -113.35      0.03
    -112.32     -0.11
    -111.29     -0.14
    -110.26      0.16
    -109.23     -0.06
    -108.20      0.02
    -107.17      0.05
    -106.13      0.01
    -105.10      0.11
    -104.07     -0.10
    -103.04      0.13
    -102.01     -0.02
    -100.98     -0.07
     -99.95      0.02
     -98.92     -0.01
     -97.89      0.06
     -96.86      0.13
     -95.83      0.08
     -94.80     -0.05
     -93.77     -0.05
     -92.74      0.21
     -91.71      0.04
     -90.68     -0.11
     -89.65      0.01
     -88.62      0.08
     -87.59      0.19
     -86.56     -0.19
     -85.53      0.14
     -84.50     -0.21
     -83.47      0.04
     -82.43     -0.10
     -81.40      0.07
     -80.37      0.02
     -79.34      0.08
     -78.31     -0.04
     -77.28      0.04
     -76.25      0.07
     -75.22      0.09
     -74.19     -0.10
     -73.16      0.25
     -72.13      0.21
     -71.10      0.06
     -70.07      0.32
     -69.04      0.03
     -68.01     -0.05
     -66.98      0.04
     -65.95     -0.04
     -64.92      0.05
     -63.89     -0.13
     -62.86      0.16
     -61.83      0.10
     -60.80     -0.06
     -59.77      0.12
     -58.73     -0.11
     -57.70      0.05
     -56.67      0.21
     -55.64      0.09
     -54.61      0.18
     -53.58      0.29
     -52.55      0.42
     -51.52      0.35
     -50.49      0.47
     -49.46      0.86
     -48.43      0.78
     -47.40      1.36
     -46.37      1.54
     -45.34      2.18
     -44.31      2.57
     -43.28      3.47
     -42.25      4.39
     -41.22      6.11
     -40.19      7.75
     -39.16     10.62
     -38.13     14.23
     -37.10     18.37
     -36.07     23.72
     -35.03     30.35
     -34.00     37.04
     -32.97     44.37
     -31.94     50.81
     -30.91     55.60
     -29.88     59.05
     -28.85     61.11
     -27.82     61.16
     -26.79     59.81
     -25.76     57.42
     -24.73     54.08
     -23.70     50.35
     -22.67     48.19
     -21.64     46.36
     -20.61     46.12
     -19.58     45.97
     -18.55     46.30
     -17.52     46.83
     -16.49     47.25
     -15.46     48.65
     -14.43     50.27
     -13.40     52.21
     -12.37     54.99
     -11.33     57.87
     -10.30     60.70
      -9.27     63.04
      -8.24     65.19
      -7.21     67.56
      -6.18     70.68
      -5.15     73.05
      -4.12     73.94
      -3.09     72.62
      -2.06     72.33
      -1.03     73.60
       0.00     80.81
       1.03     83.84
       2.06     84.03
       3.09     66.27
       4.12     57.06
       5.15     73.24
       6.18     76.24
       7.21     80.42
       8.24     92.36
       9.27    101.59
      10.30    105.51
      11.33    105.89
      12.37    104.75
      13.40    104.14
      14.43    104.08
      15.46    103.28
      16.49    104.69
      17.52    106.78
      18.55    110.24
      19.58    113.10
      20.61    113.00
      21.64    112.94
      22.67    112.41
      23.70    113.11
      24.73    112.66
      25.76    110.70
      26.79    108.56
      27.82    105.63
      28.85    101.68
      29.88     97.56
      30.91     93.42
      31.94     90.81
      32.97     87.97
      34.00     85.03
      35.03     82.64
      36.07     82.22
      37.10     80.92
      38.13     78.84
      39.16     77.31
      40.19     76.94
      41.22     76.14
      42.25     74.67
      43.28     72.09
      44.31     70.35
      45.34     68.70
      46.37     69.16
      47.40     71.56
      48.43     73.16
      49.46     73.49
      50.49     74.65
      51.52     76.82
      52.55     79.38
      53.58     81.17
      54.61     82.13
      55.64     81.14
      56.67     80.30
      57.70     79.80
      58.73     78.47
      59.77     76.44
      60.80     73.23
      61.83     70.32
      62.86     66.62
      63.89     64.11
      64.92     61.58
      65.95     60.93
      66.98     61.35
      68.01     62.76
      69.04     64.51
      70.07     65.59
      71.10     66.22
      72.13     66.15
      73.16     66.33
      74.19     66.09
      75.22     66.06
      76.25     64.28
      77.28     63.47
      78.31     62.25
      79.34     61.94
      80.37     60.41
      81.40     59.27
      82.43     57.83
      83.47     56.77
      84.50     55.74
      85.53     53.93
      86.56     52.99
      87.59     52.06
      88.62     51.48
      89.65     51.62
      90.68     51.16
      91.71     50.74
      92.74     49.93
      93.77     48.04
      94.80     46.46
      95.83     43.88
      96.86     41.02
      97.89     37.56
      98.92     34.63
      99.95     31.71
     100.98     28.90
     102.01     26.56
     103.04     24.70
     104.07     23.88
     105.10     23.78
     106.13     24.76
     107.17     26.13
     108.20     28.37
     109.23     31.75
     110.26     35.68
     111.29     40.64
     112.32     45.92
     113.35     51.90
     114.38     57.19
     115.41     61.62
     116.44     65.01
     117.47     67.05
     118.50     67.85
     119.53     68.18
     120.56     66.87
     121.59     65.51
     122.62     63.00
     123.65     57.99
     124.68     52.09
     125.71     46.63
     126.74     39.93
     127.77     34.25
     128.80     28.01
     129.84     22.38
     130.87     17.71
     131.90     13.66
     132.93     10.28
     133.96      7.98
     134.99      5.90
     136.02      4.82
     137.05      3.76
     138.08      3.05
     139.11      2.33
     140.14      1.72
     141.17      1.46
     142.20      1.35
     143.23      0.98
     144.26      0.83
     145.29      0.85
     146.32      0.58
     147.35      0.20
     148.38      0.39
     149.41      0.58
     150.44      0.38
     151.47      0.08
     152.50      0.32
     153.54      0.20
     154.57      0.08
     155.60      0.07
     156.63      0.20
     157.66      0.18
     158.69     -0.12
     159.72      0.15
     160.75      0.08
     161.78     -0.01
     162.81      0.04
     163.84      0.17
     164.87      0.16
     165.90      0.10
     166.93      0.03
     167.96      0.10
     168.99      0.04
     170.02      0.16
     171.05     -0.04
     172.08     -0.00
     173.11     -0.05
     174.14     -0.08
     175.17      0.05
     176.20      0.00
     177.24     -0.12
     178.27     -0.10
     179.30      0.13
     180.33      0.10
     181.36      0.17
     182.39     -0.00
     183.42     -0.11
     184.45      0.24
     185.48     -0.11
     186.51     -0.14
     187.54      0.15
     188.57      0.16
     189.60      0.05
     190.63      0.02
     191.66      0.11
     192.69     -0.19
     193.72      0.26
     194.75     -0.10
     195.78      0.17
     196.81     -0.03
     197.84      0.22
     198.87     -0.10
     199.90      0.10
     200.94     -0.12
     201.97      0.09
     203.00     -0.03
     204.03      0.13
     205.06      0.03
     206.09      0.10
     207.12     -0.13
     208.15     -0.11
     209.18     -0.13
     210.21      0.11
     211.24     -0.14
     212.27     -0.04
     213.30      0.20
     214.33      0.04
     215.36      0.14
     216.39     -0.05
     217.42      0.21
     218.45      0.22
     219.48     -0.12
     220.51      0.11
     221.54      0.28
     222.57     -0.14
     223.60      0.08
     224.64      0.27
     225.67      0.05
     226.70     -0.12
     227.73      0.18
     228.76      0.09
     229.79     -0.12
     230.82     -0.19
     231.85      0.05
     232.88     -0.17
     233.91      0.03
     234.94      0.13
     235.97     -0.00
     237.00     -0.05
     238.03      0.03
     239.06      0.06
     240.09      0.31
     241.12     -0.08
     242.15     -0.07
     243.18     -0.06
     244.21      0.06
     245.24      0.02
     246.27     -0.06
     247.30      0.09
     248.34     -0.00
     249.37      0.29
     250.40      0.01
     251.43     -0.02
     252.46      0.02
     253.49      0.06
     254.52     -0.01
     255.55     -0.12
     256.58     -0.10
     257.61      0.08
     258.64     -0.10
     259.67      0.08
     260.70     -0.25
     261.73      0.09
     262.76     -0.09
     263.79     -0.02
     264.82     -0.13
     265.85      0.03
     266.88     -0.21
     267.91      0.21
     268.94     -0.00
     269.97     -0.01
     271.00     -0.07
     272.04      0.03
     273.07      0.12
     274.10      0.21
     275.13     -0.15
     276.16      0.07
     277.19      0.15
     278.22      0.16
     279.25     -0.11
     280.28      0.06
     281.31     -0.01
     282.34      0.25
     283.37      0.11
     284.40      0.10
     285.43      0.00
     286.46     -0.05
     287.49     -0.05
     288.52     -0.00
     289.55     -0.08
     290.58      0.09
     291.61     -0.08
     292.64      0.07
     293.67     -0.09
     294.70      0.28
     295.74     -0.18
     296.77      0.12
     297.80     -0.03
     298.83      0.31
     299.86     -0.18
     300.89     -0.13
     301.92     -0.18
     302.95      0.12
     303.98      0.05
     305.01      0.05
     306.04      0.01
     307.07     -0.01
     308.10      0.26
     309.13     -0.06
     310.16     -0.03
     311.19     -0.10
     312.22     -0.08
     313.25     -0.09
     314.28      0.08
     315.31      0.01
     316.34     -0.07
     317.37      0.02
     318.40     -0.12
     319.44      0.16
     320.47     -0.17
     321.50      0.07
     322.53     -0.03
     323.56      0.18
     324.59     -0.11
     325.62      0.16
     326.65      0.03
     327.68     -0.06
     328.71      0.14
     329.74      0.05
     330.77      0.12
     331.80     -0.01
     332.83     -0.23
     333.86      0.05
     334.89     -0.09
     335.92      0.15
     336.95      0.04
     337.98      0.02
     339.01     -0.05
     340.04     -0.14
     341.07     -0.14
     342.10      0.08
     343.14      0.18
     344.17      0.10
     345.20     -0.16
     346.23     -0.28
     347.26     -0.08
     348.29      0.09
     349.32     -0.06
     350.35     -0.15
     351.38     -0.08
     352.41     -0.06
     353.44      0.01
     354.47      0.25
     355.50     -0.03
     356.53     -0.26
     357.56     -0.00
     358.59     -0.08
     359.62      0.09
     360.65     -0.07
     361.68      0.25
     362.71      0.23
     363.74      0.14
     364.77     -0.08
     365.80     -0.12
     366.84     -0.16
     367.87      0.21
     368.90     -0.05
     369.93     -0.02
     370.96     -0.11
     371.99      0.15
     373.02      0.05
     374.05     -0.12
     375.08      0.06
     376.11      0.07
     377.14      0.03
     378.17     -0.17
     379.20     -0.03
     380.23      0.02
     381.26      0.09
     382.29     -0.26
     383.32     -0.08
     384.35     -0.08
     385.38      0.05
     386.41     -0.15
     387.44     -0.32
     388.47     -0.01
     389.51      0.09
     390.54     -0.17
     391.57      0.08
     392.60      0.00
     393.63     -0.06
     394.66     -0.20
     395.69     -0.12
     396.72      0.04
     397.75     -0.17
     398.78      0.01
     399.81     -0.10
   
