%%             25.00000             0.00000    0             0.27000
% LAB  survey ------------------
% wanted position:  l, b, RA, DEC, and interpolated  NH
% 25.00 ;   0.00 ; 279.22 ;  -7.05 ;  0.188E+23
% nearest position: l, b, RA, DEC, and observed NH
% 25.00 ;   0.00 ; 279.22 ;  -7.05 ;  0.188E+23
% GASS III survey --------------
% NH - median within 6 arcmin radius  0.190E+23
% NH - mean within specified beam     0.191E+23
%%GASS   1221  datapoints: v_lsr [km/s] and T_B [K] for beam weighted average and median within 6 arcmin
     399.83     -0.04     -0.05
     399.01     -0.03     -0.01
     398.19      0.05     -0.09
     397.36     -0.17     -0.03
     396.54      0.03      0.12
     395.71      0.04      0.06
     394.89      0.11      0.12
     394.06      0.03      0.15
     393.24      0.05     -0.24
     392.42      0.05      0.16
     391.59     -0.17     -0.06
     390.77      0.27      0.18
     389.94      0.02      0.01
     389.12      0.10      0.13
     388.29     -0.21     -0.21
     387.47     -0.07     -0.02
     386.64     -0.10      0.07
     385.82     -0.06     -0.19
     385.00      0.16     -0.03
     384.17      0.24      0.27
     383.35      0.11      0.10
     382.52     -0.26     -0.34
     381.70     -0.45     -0.45
     380.87     -0.07     -0.00
     380.05      0.03     -0.18
     379.22     -0.00     -0.07
     378.40     -0.07     -0.03
     377.58      0.02     -0.03
     376.75      0.08      0.07
     375.93      0.02      0.00
     375.10      0.06      0.03
     374.28      0.11     -0.08
     373.45      0.06      0.07
     372.63      0.13      0.09
     371.81     -0.11     -0.23
     370.98     -0.06     -0.36
     370.16      0.13     -0.01
     369.33     -0.01     -0.15
     368.51      0.14      0.21
     367.68     -0.09     -0.14
     366.86      0.05      0.04
     366.03     -0.06     -0.05
     365.21     -0.01     -0.11
     364.39     -0.20     -0.09
     363.56      0.08      0.11
     362.74      0.15      0.09
     361.91     -0.06     -0.04
     361.09     -0.05     -0.18
     360.26      0.07      0.22
     359.44     -0.10     -0.23
     358.61     -0.06     -0.03
     357.79      0.06      0.07
     356.97      0.14      0.17
     356.14      0.06      0.07
     355.32      0.01      0.05
     354.49      0.13     -0.06
     353.67     -0.09      0.03
     352.84      0.14     -0.01
     352.02      0.05      0.04
     351.20      0.10      0.09
     350.37     -0.25      0.01
     349.55     -0.12      0.01
     348.72      0.29      0.14
     347.90      0.03      0.03
     347.07      0.01     -0.14
     346.25     -0.04     -0.10
     345.42     -0.15     -0.31
     344.60      0.19     -0.04
     343.78     -0.09      0.06
     342.95      0.02     -0.05
     342.13     -0.09     -0.14
     341.30     -0.04      0.10
     340.48     -0.06     -0.07
     339.65      0.01     -0.03
     338.83      0.14      0.13
     338.00     -0.05     -0.18
     337.18     -0.09     -0.11
     336.36      0.08      0.31
     335.53     -0.15     -0.07
     334.71     -0.11     -0.07
     333.88     -0.22     -0.37
     333.06      0.16      0.05
     332.23     -0.19     -0.22
     331.41      0.02     -0.02
     330.59      0.07     -0.05
     329.76     -0.07     -0.09
     328.94     -0.05     -0.24
     328.11     -0.07     -0.18
     327.29     -0.14      0.02
     326.46      0.20      0.15
     325.64     -0.02     -0.02
     324.81     -0.02     -0.17
     323.99     -0.13     -0.26
     323.17     -0.09     -0.30
     322.34      0.01      0.05
     321.52     -0.08     -0.05
     320.69     -0.06     -0.04
     319.87     -0.10      0.01
     319.04      0.05      0.13
     318.22      0.16      0.24
     317.39     -0.11     -0.05
     316.57      0.04     -0.12
     315.75     -0.01      0.17
     314.92     -0.02     -0.16
     314.10      0.10      0.01
     313.27      0.03     -0.07
     312.45      0.14      0.09
     311.62      0.04      0.01
     310.80     -0.16     -0.15
     309.98     -0.02     -0.16
     309.15     -0.08     -0.03
     308.33     -0.18     -0.22
     307.50      0.12      0.01
     306.68      0.01     -0.10
     305.85     -0.14      0.04
     305.03      0.03     -0.01
     304.20      0.02     -0.20
     303.38      0.12      0.03
     302.56      0.00     -0.15
     301.73      0.11     -0.03
     300.91      0.02      0.01
     300.08      0.03      0.01
     299.26      0.09     -0.02
     298.43      0.15      0.01
     297.61     -0.05     -0.21
     296.78     -0.17      0.07
     295.96      0.02     -0.19
     295.14      0.17      0.07
     294.31      0.13      0.16
     293.49      0.05      0.00
     292.66      0.09     -0.13
     291.84      0.01     -0.05
     291.01     -0.06     -0.06
     290.19     -0.06     -0.07
     289.37      0.23      0.29
     288.54      0.09      0.24
     287.72      0.05      0.04
     286.89      0.05     -0.15
     286.07      0.01      0.07
     285.24     -0.01     -0.20
     284.42     -0.24     -0.17
     283.59     -0.15     -0.13
     282.77     -0.13     -0.20
     281.95      0.12      0.10
     281.12      0.22      0.02
     280.30     -0.01      0.10
     279.47     -0.08     -0.33
     278.65     -0.10      0.09
     277.82      0.04     -0.08
     277.00      0.11      0.02
     276.17     -0.02      0.09
     275.35      0.17      0.20
     274.53      0.09      0.01
     273.70      0.06     -0.16
     272.88     -0.08     -0.24
     272.05     -0.19     -0.08
     271.23     -0.07     -0.16
     270.40     -0.05     -0.03
     269.58      0.03      0.05
     268.76      0.04      0.16
     267.93      0.17      0.39
     267.11     -0.06     -0.06
     266.28     -0.08     -0.03
     265.46     -0.09     -0.12
     264.63      0.15      0.03
     263.81      0.14     -0.01
     262.98      0.02     -0.01
     262.16     -0.17     -0.27
     261.34     -0.06      0.09
     260.51      0.03     -0.10
     259.69      0.12      0.01
     258.86     -0.16      0.17
     258.04      0.09      0.25
     257.21      0.03     -0.15
     256.39      0.01     -0.12
     255.56     -0.02     -0.04
     254.74     -0.07      0.00
     253.92     -0.05     -0.20
     253.09      0.15      0.16
     252.27     -0.12     -0.11
     251.44     -0.11     -0.05
     250.62     -0.23     -0.22
     249.79      0.10     -0.01
     248.97      0.08     -0.05
     248.14     -0.18      0.02
     247.32      0.04     -0.02
     246.50      0.03      0.08
     245.67     -0.19     -0.28
     244.85     -0.22     -0.43
     244.02      0.08      0.08
     243.20     -0.22     -0.28
     242.37      0.09      0.14
     241.55      0.04      0.06
     240.73     -0.02      0.00
     239.90      0.16     -0.16
     239.08      0.15      0.07
     238.25      0.09     -0.01
     237.43     -0.15     -0.26
     236.60     -0.14      0.05
     235.78     -0.15     -0.34
     234.95      0.01     -0.13
     234.13      0.20     -0.01
     233.31      0.03     -0.17
     232.48      0.26      0.34
     231.66      0.05      0.12
     230.83      0.36      0.33
     230.01      0.03      0.01
     229.18      0.00      0.13
     228.36      0.05      0.00
     227.53     -0.09     -0.32
     226.71      0.01     -0.18
     225.89      0.07      0.19
     225.06     -0.10     -0.17
     224.24      0.02      0.07
     223.41      0.07     -0.08
     222.59      0.04     -0.09
     221.76     -0.08     -0.18
     220.94     -0.15     -0.01
     220.12      0.03      0.15
     219.29     -0.02     -0.09
     218.47      0.24      0.14
     217.64     -0.04     -0.17
     216.82      0.15     -0.06
     215.99      0.13      0.16
     215.17     -0.04     -0.13
     214.34     -0.11     -0.24
     213.52     -0.03     -0.10
     212.70      0.03      0.11
     211.87     -0.16     -0.24
     211.05     -0.07     -0.16
     210.22      0.04      0.08
     209.40     -0.22     -0.26
     208.57      0.19      0.10
     207.75     -0.04     -0.23
     206.92      0.22      0.26
     206.10     -0.15     -0.12
     205.28     -0.06     -0.24
     204.45      0.10      0.09
     203.63     -0.02      0.09
     202.80     -0.01     -0.14
     201.98      0.20      0.17
     201.15      0.00     -0.07
     200.33      0.01      0.10
     199.51     -0.05     -0.03
     198.68      0.21      0.24
     197.86     -0.05      0.03
     197.03     -0.10     -0.22
     196.21     -0.09     -0.13
     195.38     -0.13     -0.24
     194.56      0.04     -0.15
     193.73     -0.03     -0.03
     192.91      0.04     -0.08
     192.09     -0.06     -0.09
     191.26     -0.09     -0.13
     190.44      0.19      0.16
     189.61     -0.01     -0.06
     188.79     -0.25     -0.17
     187.96      0.10      0.14
     187.14      0.06      0.15
     186.31      0.06      0.05
     185.49     -0.05     -0.23
     184.67      0.10      0.13
     183.84      0.17      0.16
     183.02      0.21      0.17
     182.19     -0.16     -0.29
     181.37     -0.14     -0.09
     180.54      0.01     -0.00
     179.72      0.07      0.12
     178.90      0.05      0.10
     178.07      0.04     -0.06
     177.25      0.16      0.37
     176.42     -0.02      0.08
     175.60     -0.24     -0.28
     174.77      0.00     -0.05
     173.95     -0.05     -0.12
     173.12     -0.03     -0.09
     172.30      0.18      0.13
     171.48      0.17      0.17
     170.65      0.04      0.06
     169.83      0.06      0.33
     169.00      0.21      0.25
     168.18     -0.19     -0.28
     167.35      0.38      0.33
     166.53     -0.01      0.06
     165.70     -0.11     -0.10
     164.88     -0.08     -0.02
     164.06     -0.01     -0.08
     163.23      0.08      0.11
     162.41      0.12      0.21
     161.58     -0.02     -0.01
     160.76      0.04      0.27
     159.93     -0.01     -0.15
     159.11      0.21      0.30
     158.29      0.09     -0.02
     157.46      0.19      0.17
     156.64      0.22      0.37
     155.81      0.23      0.04
     154.99      0.20      0.40
     154.16      0.29      0.37
     153.34      0.21      0.38
     152.51      0.25      0.20
     151.69      0.32      0.36
     150.87      0.41      0.39
     150.04      0.37      0.42
     149.22      0.43      0.44
     148.39      0.60      0.75
     147.57      0.68      0.66
     146.74      0.79      0.95
     145.92      1.05      1.17
     145.09      1.21      1.24
     144.27      1.25      1.39
     143.45      1.54      1.63
     142.62      1.73      1.68
     141.80      1.92      2.11
     140.97      2.24      2.17
     140.15      2.44      2.64
     139.32      2.96      3.06
     138.50      3.35      3.52
     137.68      3.81      3.79
     136.85      4.59      4.71
     136.03      5.30      5.11
     135.20      5.59      5.44
     134.38      6.26      6.34
     133.55      6.63      6.71
     132.73      7.26      7.60
     131.90      7.67      7.78
     131.08      8.59      8.25
     130.26      9.09      9.23
     129.43      9.34      9.37
     128.61     10.23     10.14
     127.78     10.47     10.25
     126.96     11.24     11.41
     126.13     11.40     11.61
     125.31     11.95     11.39
     124.48     12.32     11.97
     123.66     12.76     12.74
     122.84     13.42     13.36
     122.01     13.65     13.98
     121.19     14.30     13.96
     120.36     14.54     14.59
     119.54     14.98     14.76
     118.71     15.27     14.92
     117.89     16.29     16.02
     117.07     17.64     17.13
     116.24     19.70     19.06
     115.42     22.05     20.93
     114.59     25.08     24.12
     113.77     28.47     28.38
     112.94     32.87     32.84
     112.12     37.69     37.70
     111.29     43.28     43.55
     110.47     49.28     48.81
     109.65     55.13     54.66
     108.82     59.71     59.79
     108.00     63.36     63.66
     107.17     65.62     65.73
     106.35     66.80     67.50
     105.52     70.40     70.75
     104.70     74.76     74.46
     103.87     79.52     80.46
     103.05     83.43     84.74
     102.23     87.09     87.89
     101.40     90.43     91.18
     100.58     91.97     93.21
      99.75     93.91     94.77
      98.93     95.61     97.30
      98.10     96.95     97.68
      97.28     98.72     98.58
      96.46     98.83    100.01
      95.63     98.23     99.42
      94.81     97.04     96.93
      93.98     93.97     94.71
      93.16     91.63     92.16
      92.33     89.19     90.34
      91.51     86.83     86.89
      90.68     83.53     84.43
      89.86     81.12     82.15
      89.04     79.09     79.35
      88.21     75.82     76.11
      87.39     73.28     73.83
      86.56     70.22     70.39
      85.74     67.22     68.20
      84.91     64.02     64.86
      84.09     62.24     62.64
      83.26     60.06     59.83
      82.44     58.01     58.11
      81.62     56.20     56.14
      80.79     54.21     54.63
      79.97     53.00     53.10
      79.14     52.83     53.07
      78.32     53.19     53.85
      77.49     53.83     53.85
      76.67     55.42     55.55
      75.84     56.49     56.15
      75.02     57.78     57.95
      74.20     59.08     59.72
      73.37     59.27     59.58
      72.55     58.06     59.16
      71.72     55.88     57.22
      70.90     53.60     53.95
      70.07     51.30     51.25
      69.25     50.21     49.89
      68.43     48.94     49.06
      67.60     49.83     49.59
      66.78     51.04     50.05
      65.95     52.46     52.40
      65.13     54.06     54.15
      64.30     55.02     54.91
      63.48     57.09     56.94
      62.65     60.51     60.11
      61.83     63.39     63.55
      61.01     67.43     67.27
      60.18     71.61     71.22
      59.36     75.66     75.36
      58.53     78.41     78.68
      57.71     80.45     81.35
      56.88     81.72     82.09
      56.06     80.65     80.20
      55.23     78.56     78.09
      54.41     76.05     75.23
      53.59     74.44     73.95
      52.76     75.50     76.56
      51.94     78.74     80.03
      51.11     81.45     82.30
      50.29     83.92     84.30
      49.46     82.64     83.02
      48.64     78.89     79.85
      47.82     72.66     73.13
      46.99     66.61     66.38
      46.17     62.28     62.98
      45.34     62.71     63.69
      44.52     67.93     68.15
      43.69     73.00     73.46
      42.87     76.34     76.93
      42.04     76.96     78.41
      41.22     76.12     76.79
      40.40     74.35     75.62
      39.57     73.86     74.63
      38.75     73.52     74.19
      37.92     73.27     73.09
      37.10     72.32     71.79
      36.27     71.01     71.18
      35.45     69.38     69.80
      34.62     68.40     69.92
      33.80     68.26     69.37
      32.98     68.14     68.94
      32.15     67.19     67.13
      31.33     66.61     67.35
      30.50     66.15     66.76
      29.68     66.06     66.09
      28.85     66.51     67.21
      28.03     66.64     67.10
      27.21     67.95     68.72
      26.38     68.04     67.55
      25.56     68.90     69.02
      24.73     69.74     69.11
      23.91     70.10     68.81
      23.08     72.64     70.47
      22.26     74.82     73.33
      21.43     76.30     75.85
      20.61     78.72     78.28
      19.79     80.44     80.66
      18.96     80.15     79.88
      18.14     78.70     79.01
      17.31     78.27     78.67
      16.49     78.11     79.09
      15.66     76.56     77.97
      14.84     75.85     76.72
      14.01     76.21     75.67
      13.19     78.92     78.34
      12.37     79.26     78.67
      11.54     73.24     72.39
      10.72     66.20     65.73
       9.89     57.82     57.41
       9.07     48.68     48.40
       8.24     40.47     39.89
       7.42     41.38     41.22
       6.60     46.90     46.82
       5.77     49.41     50.51
       4.95     52.96     53.44
       4.12     67.24     68.14
       3.30     80.23     81.78
       2.47     84.73     85.64
       1.65     86.47     87.60
       0.82     85.32     85.79
       0.00     81.29     82.08
      -0.82     74.99     75.13
      -1.65     68.86     69.08
      -2.47     64.18     64.48
      -3.30     61.45     61.38
      -4.12     60.70     60.07
      -4.95     60.73     60.78
      -5.77     61.84     61.14
      -6.60     62.46     62.47
      -7.42     63.22     62.85
      -8.24     63.87     63.68
      -9.07     64.14     64.05
      -9.89     62.60     62.84
     -10.72     58.54     58.24
     -11.54     54.88     54.36
     -12.37     50.63     48.91
     -13.19     45.55     43.33
     -14.01     40.27     38.28
     -14.84     35.99     34.33
     -15.66     32.31     31.30
     -16.49     30.14     29.31
     -17.31     29.12     27.97
     -18.14     29.48     27.82
     -18.96     30.46     29.99
     -19.79     32.91     32.82
     -20.61     35.50     35.72
     -21.43     37.92     37.71
     -22.26     40.58     39.96
     -23.08     43.43     42.90
     -23.91     46.26     45.80
     -24.73     50.37     49.12
     -25.56     55.01     54.77
     -26.38     60.59     60.14
     -27.21     65.06     64.57
     -28.03     69.65     69.17
     -28.85     73.07     71.92
     -29.68     74.83     74.43
     -30.50     75.76     75.79
     -31.33     75.59     76.16
     -32.15     73.08     72.73
     -32.98     69.09     68.97
     -33.80     63.63     63.35
     -34.62     56.76     54.65
     -35.45     50.30     48.21
     -36.27     43.81     41.51
     -37.10     37.02     35.52
     -37.92     31.00     28.72
     -38.75     26.19     24.33
     -39.57     21.85     20.93
     -40.40     18.93     17.92
     -41.22     15.95     15.54
     -42.04     13.73     13.72
     -42.87     12.07     11.93
     -43.69     10.49     10.29
     -44.52      9.52      9.41
     -45.34      8.62      8.56
     -46.17      7.44      7.33
     -46.99      6.91      6.73
     -47.82      6.09      6.08
     -48.64      4.91      5.02
     -49.46      4.55      4.53
     -50.29      3.94      3.90
     -51.11      3.35      3.38
     -51.94      2.82      2.87
     -52.76      2.25      2.32
     -53.59      1.91      2.03
     -54.41      1.41      1.51
     -55.23      1.37      1.27
     -56.06      1.10      0.96
     -56.88      0.97      0.89
     -57.71      0.84      0.71
     -58.53      0.71      0.64
     -59.36      0.64      0.73
     -60.18      0.60      0.52
     -61.01      0.30      0.24
     -61.83      0.38      0.44
     -62.65      0.38      0.55
     -63.48      0.35      0.16
     -64.30      0.39      0.28
     -65.13      0.24      0.19
     -65.95      0.47      0.35
     -66.78      0.10      0.15
     -67.60      0.40      0.27
     -68.43      0.24      0.06
     -69.25      0.35      0.35
     -70.07      0.16      0.11
     -70.90     -0.00     -0.05
     -71.72      0.13      0.15
     -72.55      0.21      0.16
     -73.37      0.16      0.04
     -74.20      0.18     -0.16
     -75.02      0.27      0.06
     -75.84      0.13      0.04
     -76.67      0.25      0.12
     -77.49     -0.11     -0.09
     -78.32     -0.00      0.12
     -79.14      0.31      0.24
     -79.97      0.22      0.18
     -80.79      0.15     -0.05
     -81.62      0.08      0.13
     -82.44      0.38      0.48
     -83.26      0.25      0.14
     -84.09      0.34      0.24
     -84.91      0.16     -0.16
     -85.74      0.22      0.13
     -86.56      0.13      0.17
     -87.39     -0.01     -0.17
     -88.21      0.12      0.01
     -89.04      0.23      0.06
     -89.86      0.25      0.23
     -90.68     -0.02     -0.15
     -91.51      0.18      0.20
     -92.33      0.03     -0.03
     -93.16     -0.11     -0.02
     -93.98      0.04     -0.08
     -94.81      0.30      0.08
     -95.63      0.18     -0.16
     -96.46      0.06      0.06
     -97.28      0.15     -0.07
     -98.10      0.09      0.09
     -98.93      0.05     -0.14
     -99.75      0.07     -0.03
    -100.58      0.32      0.01
    -101.40      0.32      0.21
    -102.23      0.08      0.06
    -103.05      0.22      0.09
    -103.87     -0.08     -0.02
    -104.70     -0.03      0.22
    -105.52      0.17     -0.01
    -106.35     -0.15     -0.18
    -107.17     -0.04     -0.08
    -108.00     -0.01     -0.12
    -108.82     -0.03      0.08
    -109.65      0.16      0.18
    -110.47      0.14      0.30
    -111.29      0.20      0.29
    -112.12      0.03     -0.01
    -112.94      0.23      0.10
    -113.77     -0.04     -0.18
    -114.59     -0.13     -0.10
    -115.42      0.00     -0.01
    -116.24      0.23      0.29
    -117.07      0.09     -0.17
    -117.89      0.02      0.15
    -118.71     -0.07     -0.14
    -119.54     -0.07     -0.09
    -120.36     -0.07     -0.09
    -121.19      0.04     -0.02
    -122.01     -0.15     -0.15
    -122.84      0.07     -0.22
    -123.66      0.03     -0.18
    -124.48      0.14     -0.06
    -125.31      0.07     -0.13
    -126.13      0.03      0.01
    -126.96      0.12      0.00
    -127.78     -0.07     -0.06
    -128.61      0.23      0.07
    -129.43      0.10      0.19
    -130.26     -0.04     -0.23
    -131.08      0.26      0.21
    -131.90     -0.06      0.11
    -132.73     -0.06     -0.12
    -133.55      0.17      0.20
    -134.38     -0.16     -0.13
    -135.20      0.15     -0.05
    -136.03     -0.04     -0.22
    -136.85     -0.03     -0.14
    -137.68     -0.19     -0.06
    -138.50      0.03      0.22
    -139.32      0.10     -0.02
    -140.15      0.03      0.13
    -140.97      0.06     -0.01
    -141.80     -0.21     -0.14
    -142.62     -0.05      0.07
    -143.45      0.14      0.25
    -144.27      0.12     -0.03
    -145.09     -0.16     -0.10
    -145.92      0.24      0.32
    -146.74      0.02      0.02
    -147.57      0.09      0.09
    -148.39     -0.03     -0.01
    -149.22      0.11      0.14
    -150.04      0.14      0.28
    -150.87     -0.07     -0.16
    -151.69     -0.20     -0.28
    -152.51     -0.11     -0.08
    -153.34     -0.11     -0.06
    -154.16      0.13      0.08
    -154.99     -0.05     -0.22
    -155.81     -0.22     -0.22
    -156.64      0.13      0.20
    -157.46     -0.04     -0.11
    -158.29      0.10      0.15
    -159.11     -0.12      0.04
    -159.93      0.05      0.17
    -160.76     -0.04      0.05
    -161.58      0.21      0.32
    -162.41     -0.07     -0.09
    -163.23     -0.14     -0.04
    -164.06      0.02     -0.01
    -164.88     -0.16     -0.26
    -165.70     -0.15     -0.11
    -166.53     -0.05     -0.02
    -167.35      0.13      0.05
    -168.18     -0.08      0.03
    -169.00      0.10      0.16
    -169.83     -0.10     -0.11
    -170.65     -0.21     -0.40
    -171.48      0.13      0.18
    -172.30      0.09      0.07
    -173.12     -0.02     -0.11
    -173.95     -0.12     -0.19
    -174.77     -0.17     -0.37
    -175.60     -0.25     -0.11
    -176.42      0.05     -0.02
    -177.25      0.10     -0.02
    -178.07     -0.03     -0.07
    -178.90      0.07      0.06
    -179.72      0.06      0.17
    -180.54     -0.08     -0.19
    -181.37     -0.02     -0.00
    -182.19     -0.07      0.00
    -183.02     -0.20     -0.27
    -183.84      0.11      0.12
    -184.67      0.11      0.06
    -185.49      0.12      0.19
    -186.31      0.11      0.08
    -187.14      0.00     -0.03
    -187.96      0.08      0.15
    -188.79     -0.05      0.01
    -189.61      0.02     -0.02
    -190.44     -0.00     -0.01
    -191.26      0.02     -0.05
    -192.09     -0.08      0.05
    -192.91     -0.14     -0.20
    -193.73      0.01     -0.17
    -194.56      0.06     -0.07
    -195.38     -0.16     -0.09
    -196.21      0.00     -0.19
    -197.03     -0.03      0.00
    -197.86      0.19      0.29
    -198.68      0.12      0.14
    -199.51     -0.15     -0.12
    -200.33     -0.13     -0.04
    -201.15     -0.01     -0.16
    -201.98     -0.01      0.14
    -202.80      0.01      0.12
    -203.63     -0.22     -0.29
    -204.45     -0.25     -0.18
    -205.28      0.00      0.06
    -206.10      0.02      0.11
    -206.92     -0.11     -0.16
    -207.75     -0.23     -0.36
    -208.57      0.01     -0.11
    -209.40     -0.03     -0.03
    -210.22     -0.14     -0.15
    -211.05      0.20      0.09
    -211.87     -0.05     -0.22
    -212.70     -0.06     -0.04
    -213.52     -0.17     -0.26
    -214.34     -0.05      0.03
    -215.17     -0.06     -0.11
    -215.99      0.05     -0.12
    -216.82      0.07     -0.06
    -217.64      0.20      0.07
    -218.47     -0.16     -0.26
    -219.29      0.03     -0.15
    -220.12      0.21      0.20
    -220.94     -0.13      0.02
    -221.76     -0.11      0.04
    -222.59     -0.04     -0.26
    -223.41      0.04     -0.17
    -224.24     -0.03     -0.01
    -225.06     -0.04     -0.12
    -225.89      0.08      0.17
    -226.71     -0.09     -0.17
    -227.53      0.07      0.11
    -228.36     -0.00      0.03
    -229.18      0.18      0.26
    -230.01      0.02      0.14
    -230.83     -0.19     -0.31
    -231.66      0.40      0.24
    -232.48     -0.01     -0.00
    -233.31     -0.06     -0.11
    -234.13     -0.01     -0.03
    -234.95      0.07      0.08
    -235.78     -0.06     -0.15
    -236.60     -0.02      0.00
    -237.43     -0.03     -0.04
    -238.25     -0.07     -0.07
    -239.08      0.06      0.05
    -239.90      0.05     -0.08
    -240.73     -0.05     -0.01
    -241.55     -0.29     -0.53
    -242.37      0.03     -0.15
    -243.20      0.14     -0.04
    -244.02      0.03     -0.02
    -244.85      0.07      0.15
    -245.67      0.06     -0.24
    -246.50     -0.05     -0.08
    -247.32      0.04      0.05
    -248.14     -0.10     -0.22
    -248.97      0.05      0.02
    -249.79      0.08     -0.07
    -250.62      0.04      0.32
    -251.44     -0.06     -0.17
    -252.27      0.11      0.05
    -253.09     -0.03      0.03
    -253.92      0.10     -0.02
    -254.74     -0.09     -0.06
    -255.56      0.08      0.21
    -256.39      0.01      0.02
    -257.21      0.19      0.13
    -258.04     -0.17     -0.00
    -258.86      0.15      0.11
    -259.69      0.04     -0.02
    -260.51      0.13     -0.07
    -261.34      0.05      0.09
    -262.16      0.19      0.22
    -262.98      0.05      0.24
    -263.81      0.02      0.15
    -264.63      0.14      0.10
    -265.46     -0.07     -0.08
    -266.28     -0.02     -0.43
    -267.11      0.00     -0.30
    -267.93     -0.04      0.05
    -268.76      0.10     -0.06
    -269.58     -0.09     -0.24
    -270.40     -0.05     -0.14
    -271.23     -0.03     -0.00
    -272.05     -0.08     -0.04
    -272.88     -0.16     -0.19
    -273.70      0.07     -0.00
    -274.53     -0.09     -0.05
    -275.35     -0.05     -0.04
    -276.17      0.10      0.28
    -277.00     -0.01      0.31
    -277.82      0.15      0.11
    -278.65     -0.01     -0.05
    -279.47     -0.04      0.17
    -280.30     -0.12     -0.13
    -281.12      0.19      0.21
    -281.95      0.01      0.01
    -282.77      0.07      0.09
    -283.59      0.01     -0.35
    -284.42     -0.08     -0.07
    -285.24     -0.12     -0.02
    -286.07     -0.14     -0.16
    -286.89      0.02      0.00
    -287.72     -0.08     -0.07
    -288.54     -0.11     -0.11
    -289.37      0.06      0.22
    -290.19      0.05      0.05
    -291.01     -0.09     -0.17
    -291.84     -0.01      0.04
    -292.66     -0.00     -0.24
    -293.49     -0.01      0.05
    -294.31      0.22      0.02
    -295.14     -0.11      0.06
    -295.96     -0.00     -0.01
    -296.78      0.05     -0.13
    -297.61      0.02     -0.10
    -298.43      0.12      0.06
    -299.26      0.10     -0.10
    -300.08      0.16      0.28
    -300.91      0.03      0.05
    -301.73      0.09      0.15
    -302.56     -0.18     -0.15
    -303.38     -0.08     -0.24
    -304.20      0.10      0.06
    -305.03     -0.05     -0.10
    -305.85      0.07      0.12
    -306.68      0.02     -0.08
    -307.50     -0.13     -0.23
    -308.33      0.00     -0.20
    -309.15     -0.02      0.13
    -309.98      0.27      0.14
    -310.80      0.01     -0.12
    -311.62     -0.09     -0.23
    -312.45     -0.06     -0.00
    -313.27      0.16      0.08
    -314.10      0.12      0.22
    -314.92     -0.09     -0.13
    -315.75      0.13     -0.08
    -316.57     -0.07     -0.03
    -317.39     -0.08      0.05
    -318.22     -0.10     -0.12
    -319.04     -0.06     -0.02
    -319.87     -0.05     -0.08
    -320.69     -0.21     -0.30
    -321.52      0.10      0.19
    -322.34      0.13      0.08
    -323.17     -0.04     -0.07
    -323.99      0.01     -0.13
    -324.81      0.10      0.06
    -325.64      0.21      0.13
    -326.46      0.08     -0.02
    -327.29     -0.05      0.14
    -328.11      0.10     -0.02
    -328.94      0.01      0.14
    -329.76      0.03      0.12
    -330.59      0.14      0.28
    -331.41      0.14      0.23
    -332.23     -0.03     -0.04
    -333.06      0.02      0.02
    -333.88     -0.06     -0.13
    -334.71     -0.01      0.02
    -335.53     -0.00      0.09
    -336.36     -0.10     -0.09
    -337.18     -0.06     -0.12
    -338.00      0.15      0.04
    -338.83      0.02     -0.00
    -339.65      0.15      0.16
    -340.48     -0.07     -0.01
    -341.30     -0.20     -0.33
    -342.13     -0.06     -0.05
    -342.95      0.12      0.13
    -343.78     -0.04     -0.10
    -344.60      0.18      0.12
    -345.42     -0.11     -0.03
    -346.25     -0.07     -0.14
    -347.07      0.00     -0.05
    -347.90      0.08     -0.03
    -348.72      0.05      0.18
    -349.55      0.02     -0.11
    -350.37      0.04     -0.12
    -351.20     -0.03     -0.07
    -352.02      0.16      0.16
    -352.84     -0.06     -0.08
    -353.67     -0.05     -0.13
    -354.49      0.01     -0.08
    -355.32      0.06     -0.10
    -356.14     -0.16     -0.14
    -356.97     -0.21     -0.11
    -357.79     -0.08      0.03
    -358.61     -0.02     -0.06
    -359.44     -0.04     -0.15
    -360.26     -0.14     -0.11
    -361.09     -0.19     -0.26
    -361.91     -0.03     -0.02
    -362.74      0.14     -0.12
    -363.56      0.14      0.02
    -364.39      0.03     -0.04
    -365.21     -0.08     -0.12
    -366.03      0.14      0.28
    -366.86     -0.02      0.04
    -367.68     -0.10      0.07
    -368.51     -0.02     -0.09
    -369.33      0.19      0.32
    -370.16     -0.05     -0.01
    -370.98     -0.06     -0.17
    -371.81      0.03      0.05
    -372.63     -0.07     -0.26
    -373.45     -0.04     -0.16
    -374.28     -0.08     -0.15
    -375.10      0.16      0.12
    -375.93      0.08     -0.01
    -376.75      0.12     -0.08
    -377.58     -0.08      0.01
    -378.40     -0.18     -0.19
    -379.22      0.16      0.15
    -380.05      0.08      0.26
    -380.87      0.14      0.11
    -381.70      0.03     -0.13
    -382.52     -0.03     -0.11
    -383.35     -0.07     -0.21
    -384.17     -0.07     -0.05
    -385.00     -0.19     -0.28
    -385.82     -0.21     -0.33
    -386.64     -0.13     -0.01
    -387.47     -0.03     -0.10
    -388.29      0.06     -0.07
    -389.12     -0.04     -0.06
    -389.94     -0.22     -0.28
    -390.77      0.11      0.19
    -391.59      0.06     -0.10
    -392.42      0.11      0.18
    -393.24     -0.05     -0.10
    -394.06     -0.06     -0.12
    -394.89     -0.08     -0.07
    -395.71     -0.11     -0.13
    -396.54      0.04     -0.03
    -397.36      0.17      0.23
    -398.19     -0.01     -0.15
    -399.01     -0.20     -0.10
    -399.83     -0.16     -0.40
%%LAB     777  datapoints: v_lsr [km/s] and T_B [K]
    -399.88      0.03
    -398.85     -0.15
    -397.82     -0.06
    -396.79     -0.17
    -395.75     -0.06
    -394.72      0.08
    -393.69      0.29
    -392.66     -0.04
    -391.63      0.06
    -390.60      0.06
    -389.57      0.14
    -388.54     -0.17
    -387.51     -0.13
    -386.48      0.02
    -385.45     -0.01
    -384.42     -0.23
    -383.39      0.20
    -382.36     -0.22
    -381.33      0.03
    -380.30     -0.20
    -379.26      0.22
    -378.23      0.03
    -377.20      0.19
    -376.17      0.09
    -375.14     -0.08
    -374.11     -0.11
    -373.08      0.03
    -372.05      0.03
    -371.02      0.03
    -369.99      0.05
    -368.96      0.34
    -367.93      0.02
    -366.90      0.07
    -365.87     -0.01
    -364.84     -0.02
    -363.81     -0.09
    -362.77     -0.11
    -361.74     -0.11
    -360.71      0.02
    -359.68      0.26
    -358.65     -0.09
    -357.62      0.02
    -356.59      0.25
    -355.56      0.06
    -354.53     -0.00
    -353.50     -0.01
    -352.47      0.18
    -351.44     -0.10
    -350.41     -0.02
    -349.38     -0.07
    -348.35     -0.03
    -347.32     -0.04
    -346.29     -0.06
    -345.25     -0.02
    -344.22      0.06
    -343.19      0.01
    -342.16     -0.03
    -341.13      0.01
    -340.10     -0.07
    -339.07      0.07
    -338.04      0.04
    -337.01     -0.10
    -335.98      0.03
    -334.95     -0.14
    -333.92      0.20
    -332.89      0.01
    -331.86      0.05
    -330.83      0.09
    -329.80      0.03
    -328.76     -0.25
    -327.73      0.16
    -326.70     -0.01
    -325.67      0.02
    -324.64      0.09
    -323.61     -0.11
    -322.58     -0.05
    -321.55     -0.04
    -320.52     -0.05
    -319.49      0.04
    -318.46      0.03
    -317.43      0.08
    -316.40     -0.10
    -315.37     -0.06
    -314.34      0.06
    -313.31      0.19
    -312.27      0.07
    -311.24     -0.02
    -310.21     -0.12
    -309.18      0.06
    -308.15      0.09
    -307.12     -0.05
    -306.09     -0.04
    -305.06     -0.02
    -304.03     -0.01
    -303.00     -0.06
    -301.97     -0.17
    -300.94     -0.11
    -299.91      0.16
    -298.88     -0.05
    -297.85      0.06
    -296.82      0.07
    -295.79     -0.03
    -294.75      0.09
    -293.72      0.03
    -292.69     -0.02
    -291.66      0.04
    -290.63     -0.02
    -289.60     -0.24
    -288.57     -0.03
    -287.54     -0.06
    -286.51     -0.14
    -285.48      0.11
    -284.45     -0.01
    -283.42     -0.15
    -282.39      0.02
    -281.36     -0.19
    -280.33     -0.12
    -279.30      0.07
    -278.26     -0.20
    -277.23      0.14
    -276.20     -0.01
    -275.17     -0.04
    -274.14      0.14
    -273.11     -0.04
    -272.08      0.03
    -271.05     -0.03
    -270.02     -0.06
    -268.99      0.02
    -267.96      0.13
    -266.93     -0.09
    -265.90     -0.07
    -264.87     -0.05
    -263.84     -0.13
    -262.81     -0.11
    -261.78     -0.17
    -260.74      0.03
    -259.71      0.13
    -258.68     -0.31
    -257.65      0.05
    -256.62     -0.09
    -255.59     -0.10
    -254.56     -0.11
    -253.53      0.20
    -252.50     -0.17
    -251.47      0.05
    -250.44      0.09
    -249.41      0.13
    -248.38     -0.08
    -247.35      0.07
    -246.32     -0.11
    -245.29      0.12
    -244.25      0.06
    -243.22      0.14
    -242.19      0.39
    -241.16      0.10
    -240.13      0.08
    -239.10      0.06
    -238.07      0.07
    -237.04      0.09
    -236.01     -0.09
    -234.98      0.07
    -233.95     -0.23
    -232.92      0.05
    -231.89      0.24
    -230.86     -0.04
    -229.83     -0.05
    -228.80     -0.16
    -227.76     -0.01
    -226.73     -0.13
    -225.70      0.08
    -224.67     -0.02
    -223.64     -0.05
    -222.61      0.11
    -221.58      0.01
    -220.55      0.02
    -219.52     -0.06
    -218.49      0.14
    -217.46     -0.04
    -216.43      0.10
    -215.40      0.06
    -214.37      0.10
    -213.34      0.13
    -212.31     -0.05
    -211.28     -0.19
    -210.24     -0.20
    -209.21     -0.21
    -208.18     -0.05
    -207.15     -0.15
    -206.12      0.09
    -205.09      0.04
    -204.06      0.11
    -203.03     -0.23
    -202.00     -0.02
    -200.97      0.01
    -199.94     -0.01
    -198.91     -0.15
    -197.88      0.25
    -196.85      0.01
    -195.82      0.01
    -194.79     -0.10
    -193.75      0.01
    -192.72      0.18
    -191.69      0.09
    -190.66     -0.03
    -189.63     -0.29
    -188.60     -0.22
    -187.57     -0.03
    -186.54      0.13
    -185.51      0.13
    -184.48      0.00
    -183.45      0.16
    -182.42     -0.10
    -181.39      0.15
    -180.36      0.06
    -179.33      0.04
    -178.30     -0.08
    -177.27      0.06
    -176.23     -0.03
    -175.20     -0.16
    -174.17     -0.10
    -173.14      0.26
    -172.11      0.17
    -171.08     -0.05
    -170.05      0.02
    -169.02      0.02
    -167.99      0.07
    -166.96      0.17
    -165.93     -0.08
    -164.90      0.14
    -163.87     -0.09
    -162.84      0.09
    -161.81     -0.10
    -160.78     -0.03
    -159.74      0.12
    -158.71      0.02
    -157.68     -0.17
    -156.65     -0.11
    -155.62      0.22
    -154.59     -0.03
    -153.56      0.16
    -152.53     -0.11
    -151.50      0.17
    -150.47     -0.01
    -149.44      0.08
    -148.41      0.25
    -147.38      0.28
    -146.35     -0.16
    -145.32      0.05
    -144.29     -0.25
    -143.25     -0.01
    -142.22      0.18
    -141.19      0.02
    -140.16      0.03
    -139.13      0.31
    -138.10      0.18
    -137.07     -0.12
    -136.04      0.00
    -135.01      0.02
    -133.98      0.07
    -132.95     -0.04
    -131.92      0.06
    -130.89     -0.01
    -129.86      0.27
    -128.83      0.21
    -127.80      0.11
    -126.77      0.08
    -125.73      0.21
    -124.70      0.15
    -123.67      0.18
    -122.64      0.08
    -121.61      0.26
    -120.58     -0.00
    -119.55     -0.15
    -118.52     -0.03
    -117.49     -0.16
    -116.46     -0.19
    -115.43      0.08
    -114.40     -0.13
    -113.37     -0.28
    -112.34     -0.07
    -111.31     -0.07
    -110.28     -0.09
    -109.24     -0.07
    -108.21      0.05
    -107.18      0.14
    -106.15     -0.15
    -105.12      0.15
    -104.09      0.12
    -103.06      0.10
    -102.03      0.20
    -101.00      0.21
     -99.97     -0.06
     -98.94     -0.01
     -97.91      0.10
     -96.88      0.07
     -95.85     -0.05
     -94.82     -0.02
     -93.79     -0.02
     -92.75      0.07
     -91.72     -0.11
     -90.69      0.14
     -89.66      0.12
     -88.63      0.03
     -87.60      0.01
     -86.57      0.15
     -85.54     -0.20
     -84.51      0.24
     -83.48      0.00
     -82.45     -0.12
     -81.42      0.09
     -80.39      0.10
     -79.36     -0.04
     -78.33      0.04
     -77.30     -0.15
     -76.27     -0.13
     -75.23      0.06
     -74.20      0.12
     -73.17     -0.07
     -72.14      0.29
     -71.11      0.10
     -70.08     -0.04
     -69.05      0.20
     -68.02      0.21
     -66.99      0.19
     -65.96      0.05
     -64.93      0.26
     -63.90      0.16
     -62.87      0.12
     -61.84      0.27
     -60.81      0.57
     -59.78      0.39
     -58.74      0.49
     -57.71      0.50
     -56.68      0.86
     -55.65      1.12
     -54.62      1.36
     -53.59      1.81
     -52.56      2.27
     -51.53      2.88
     -50.50      3.25
     -49.47      4.04
     -48.44      5.14
     -47.41      6.03
     -46.38      7.39
     -45.35      8.75
     -44.32     10.22
     -43.29     11.96
     -42.26     14.08
     -41.22     17.72
     -40.19     21.99
     -39.16     27.69
     -38.13     34.28
     -37.10     41.10
     -36.07     48.02
     -35.04     55.00
     -34.01     60.77
     -32.98     65.42
     -31.95     68.83
     -30.92     69.98
     -29.89     69.49
     -28.86     66.97
     -27.83     63.64
     -26.80     59.09
     -25.77     53.90
     -24.73     48.74
     -23.70     44.47
     -22.67     40.93
     -21.64     37.61
     -20.61     34.90
     -19.58     32.87
     -18.55     31.64
     -17.52     31.37
     -16.49     32.21
     -15.46     34.32
     -14.43     38.39
     -13.40     43.03
     -12.37     48.44
     -11.34     53.13
     -10.31     57.35
      -9.28     60.64
      -8.24     62.23
      -7.21     62.37
      -6.18     62.56
      -5.15     62.33
      -4.12     62.43
      -3.09     63.88
      -2.06     67.50
      -1.03     72.74
       0.00     78.34
       1.03     82.01
       2.06     80.51
       3.09     76.42
       4.12     64.84
       5.15     46.48
       6.18     42.30
       7.21     39.44
       8.24     39.08
       9.28     48.89
      10.31     61.46
      11.34     70.42
      12.37     76.53
      13.40     76.67
      14.43     73.66
      15.46     72.78
      16.49     75.73
      17.52     77.79
      18.55     77.10
      19.58     76.70
      20.61     76.06
      21.64     74.59
      22.67     72.67
      23.70     70.51
      24.73     68.98
      25.77     67.52
      26.80     67.49
      27.83     67.13
      28.86     67.00
      29.89     67.40
      30.92     68.13
      31.95     68.80
      32.98     69.43
      34.01     69.02
      35.04     68.47
      36.07     67.53
      37.10     67.17
      38.13     66.50
      39.16     65.92
      40.19     67.34
      41.22     69.73
      42.26     71.56
      43.29     71.03
      44.32     66.21
      45.35     61.25
      46.38     60.18
      47.41     63.03
      48.44     68.22
      49.47     73.01
      50.50     75.02
      51.53     75.34
      52.56     74.28
      53.59     73.64
      54.62     75.40
      55.65     79.12
      56.68     80.59
      57.71     80.96
      58.74     79.03
      59.78     75.50
      60.81     71.57
      61.84     67.35
      62.87     62.89
      63.90     58.98
      64.93     56.10
      65.96     53.70
      66.99     51.28
      68.02     49.70
      69.05     49.17
      70.08     50.42
      71.11     52.20
      72.14     54.68
      73.17     56.15
      74.20     56.94
      75.23     56.30
      76.27     55.32
      77.30     53.40
      78.33     52.05
      79.36     51.61
      80.39     52.08
      81.42     54.60
      82.45     57.73
      83.48     61.20
      84.51     64.80
      85.54     67.70
      86.57     71.96
      87.60     75.65
      88.63     78.53
      89.66     79.99
      90.69     82.25
      91.72     83.41
      92.75     85.75
      93.79     88.21
      94.82     90.94
      95.85     92.82
      96.88     93.58
      97.91     92.47
      98.94     91.15
      99.97     89.74
     101.00     88.14
     102.03     84.97
     103.06     82.21
     104.09     78.63
     105.12     74.52
     106.15     70.25
     107.18     67.06
     108.21     64.06
     109.24     59.19
     110.28     53.72
     111.31     48.31
     112.34     43.15
     113.37     38.11
     114.40     33.71
     115.43     29.80
     116.46     26.44
     117.49     23.78
     118.52     21.44
     119.55     19.88
     120.58     18.88
     121.61     17.66
     122.64     16.55
     123.67     15.22
     124.70     14.47
     125.73     13.48
     126.77     12.27
     127.80     11.17
     128.83     10.00
     129.86      9.11
     130.89      7.68
     131.92      7.24
     132.95      6.31
     133.98      5.74
     135.01      4.79
     136.04      4.57
     137.07      3.79
     138.10      3.66
     139.13      3.22
     140.16      2.71
     141.19      2.43
     142.22      2.00
     143.25      1.77
     144.29      1.49
     145.32      1.41
     146.35      1.13
     147.38      0.93
     148.41      0.98
     149.44      0.70
     150.47      0.60
     151.50      0.15
     152.53      0.45
     153.56      0.18
     154.59      0.39
     155.62      0.23
     156.65      0.19
     157.68      0.19
     158.71      0.11
     159.74     -0.14
     160.78     -0.05
     161.81      0.11
     162.84      0.39
     163.87      0.09
     164.90      0.39
     165.93      0.08
     166.96      0.20
     167.99     -0.00
     169.02     -0.15
     170.05     -0.10
     171.08      0.23
     172.11      0.02
     173.14      0.08
     174.17     -0.01
     175.20      0.01
     176.23     -0.19
     177.27     -0.13
     178.30     -0.07
     179.33      0.09
     180.36      0.05
     181.39     -0.06
     182.42      0.10
     183.45      0.18
     184.48      0.02
     185.51     -0.08
     186.54     -0.04
     187.57      0.11
     188.60      0.19
     189.63      0.38
     190.66     -0.20
     191.69      0.16
     192.72     -0.21
     193.75     -0.05
     194.79      0.23
     195.82     -0.28
     196.85     -0.11
     197.88      0.06
     198.91     -0.07
     199.94      0.03
     200.97      0.03
     202.00     -0.08
     203.03      0.17
     204.06      0.05
     205.09      0.04
     206.12      0.14
     207.15      0.29
     208.18      0.25
     209.21      0.19
     210.24      0.22
     211.28      0.04
     212.31      0.34
     213.34      0.05
     214.37     -0.13
     215.40      0.06
     216.43      0.12
     217.46     -0.03
     218.49     -0.15
     219.52     -0.09
     220.55     -0.04
     221.58     -0.11
     222.61      0.16
     223.64      0.05
     224.67      0.09
     225.70     -0.05
     226.73     -0.26
     227.76      0.05
     228.80     -0.21
     229.83      0.11
     230.86     -0.13
     231.89      0.03
     232.92      0.09
     233.95      0.05
     234.98      0.11
     236.01      0.04
     237.04     -0.00
     238.07     -0.08
     239.10      0.35
     240.13     -0.05
     241.16      0.12
     242.19     -0.02
     243.22     -0.25
     244.25     -0.04
     245.29      0.34
     246.32      0.00
     247.35      0.00
     248.38     -0.07
     249.41     -0.15
     250.44     -0.01
     251.47     -0.06
     252.50      0.12
     253.53     -0.10
     254.56      0.08
     255.59      0.03
     256.62     -0.13
     257.65     -0.06
     258.68     -0.03
     259.71     -0.10
     260.74      0.05
     261.78      0.03
     262.81      0.14
     263.84      0.12
     264.87     -0.03
     265.90      0.10
     266.93     -0.05
     267.96      0.04
     268.99     -0.05
     270.02      0.11
     271.05      0.05
     272.08      0.08
     273.11     -0.28
     274.14     -0.09
     275.17      0.19
     276.20     -0.05
     277.23      0.15
     278.26     -0.10
     279.30      0.23
     280.33      0.28
     281.36      0.08
     282.39     -0.06
     283.42      0.00
     284.45      0.20
     285.48     -0.00
     286.51      0.14
     287.54     -0.10
     288.57     -0.02
     289.60     -0.25
     290.63     -0.12
     291.66     -0.26
     292.69     -0.08
     293.72     -0.01
     294.75     -0.09
     295.79      0.11
     296.82      0.14
     297.85      0.01
     298.88      0.01
     299.91      0.06
     300.94     -0.05
     301.97      0.11
     303.00     -0.10
     304.03      0.03
     305.06     -0.13
     306.09      0.11
     307.12      0.12
     308.15      0.06
     309.18     -0.05
     310.21     -0.05
     311.24      0.11
     312.28      0.09
     313.31     -0.06
     314.34     -0.11
     315.37      0.03
     316.40     -0.03
     317.43      0.13
     318.46      0.02
     319.49     -0.23
     320.52      0.01
     321.55     -0.07
     322.58     -0.20
     323.61     -0.04
     324.64      0.05
     325.67      0.02
     326.70      0.08
     327.73     -0.11
     328.76      0.09
     329.80     -0.09
     330.83      0.23
     331.86      0.24
     332.89      0.01
     333.92      0.08
     334.95      0.14
     335.98      0.08
     337.01      0.02
     338.04      0.18
     339.07     -0.11
     340.10      0.11
     341.13     -0.07
     342.16      0.09
     343.19     -0.03
     344.22      0.31
     345.25      0.03
     346.29      0.05
     347.32      0.09
     348.35     -0.20
     349.38     -0.14
     350.41      0.23
     351.44     -0.39
     352.47     -0.24
     353.50     -0.09
     354.53      0.02
     355.56     -0.04
     356.59      0.13
     357.62      0.16
     358.65     -0.01
     359.68      0.05
     360.71     -0.13
     361.74      0.04
     362.77     -0.19
     363.81     -0.12
     364.84     -0.07
     365.87     -0.16
     366.90     -0.11
     367.93     -0.28
     368.96      0.08
     369.99      0.05
     371.02     -0.03
     372.05     -0.01
     373.08      0.21
     374.11     -0.06
     375.14      0.01
     376.17      0.10
     377.20      0.02
     378.23      0.13
     379.26     -0.03
     380.30     -0.03
     381.33      0.16
     382.36      0.09
     383.39      0.08
     384.42      0.05
     385.45      0.14
     386.48     -0.04
     387.51     -0.03
     388.54      0.03
     389.57     -0.12
     390.60     -0.09
     391.63     -0.03
     392.66     -0.01
     393.69     -0.10
     394.72     -0.03
     395.75     -0.18
     396.79     -0.01
     397.82     -0.03
     398.85     -0.16
     399.88      0.15
   
