%%             70.00000             0.00000    0             0.27000
% LAB  survey ------------------
% wanted position:  l, b, RA, DEC, and interpolated  NH
% 70.00 ;   0.00 ; 301.87 ;  32.44 ;  0.947E+22
% nearest position: l, b, RA, DEC, and observed NH
% 70.00 ;   0.00 ; 301.87 ;  32.44 ;  0.947E+22
% GASS III survey --------------
% NH - median within 6 arcmin radius   0.00    
% NH - mean within specified beam      0.00    
%%GASS      0  datapoints: v_lsr [km/s] and T_B [K] for beam weighted average and median within 6 arcmin
%%LAB     777  datapoints: v_lsr [km/s] and T_B [K]
    -399.82      0.03
    -398.79     -0.18
    -397.76     -0.02
    -396.73      0.06
    -395.70     -0.00
    -394.67     -0.03
    -393.63     -0.13
    -392.60     -0.06
    -391.57      0.07
    -390.54      0.15
    -389.51     -0.02
    -388.48     -0.03
    -387.45      0.05
    -386.42      0.10
    -385.39      0.06
    -384.36      0.02
    -383.33      0.15
    -382.30     -0.19
    -381.27      0.05
    -380.24      0.01
    -379.21      0.09
    -378.18     -0.18
    -377.15     -0.06
    -376.12     -0.07
    -375.09     -0.02
    -374.06      0.01
    -373.03     -0.07
    -372.00     -0.08
    -370.96     -0.04
    -369.93      0.03
    -368.90     -0.01
    -367.87     -0.01
    -366.84      0.15
    -365.81     -0.05
    -364.78     -0.04
    -363.75      0.06
    -362.72      0.08
    -361.69     -0.01
    -360.66      0.16
    -359.63      0.09
    -358.60      0.01
    -357.57     -0.06
    -356.54      0.01
    -355.51      0.10
    -354.48      0.16
    -353.45     -0.02
    -352.42      0.09
    -351.39     -0.08
    -350.36      0.08
    -349.32      0.16
    -348.29     -0.06
    -347.26     -0.02
    -346.23     -0.04
    -345.20     -0.07
    -344.17     -0.20
    -343.14     -0.09
    -342.11      0.11
    -341.08     -0.06
    -340.05      0.06
    -339.02      0.10
    -337.99     -0.13
    -336.96     -0.08
    -335.93      0.01
    -334.90      0.33
    -333.87      0.05
    -332.84     -0.01
    -331.81      0.03
    -330.78      0.07
    -329.75      0.11
    -328.72      0.01
    -327.69      0.19
    -326.65      0.09
    -325.62      0.02
    -324.59      0.16
    -323.56      0.05
    -322.53      0.08
    -321.50      0.11
    -320.47     -0.05
    -319.44     -0.04
    -318.41     -0.06
    -317.38      0.01
    -316.35     -0.16
    -315.32     -0.02
    -314.29      0.02
    -313.26     -0.02
    -312.23      0.12
    -311.20     -0.09
    -310.17      0.05
    -309.14     -0.02
    -308.11     -0.01
    -307.08      0.02
    -306.05      0.09
    -305.02      0.15
    -303.98     -0.12
    -302.95     -0.10
    -301.92      0.24
    -300.89     -0.06
    -299.86     -0.10
    -298.83      0.08
    -297.80     -0.14
    -296.77      0.02
    -295.74      0.08
    -294.71      0.13
    -293.68     -0.11
    -292.65      0.06
    -291.62     -0.04
    -290.59      0.03
    -289.56     -0.08
    -288.53     -0.03
    -287.50     -0.20
    -286.47     -0.02
    -285.44     -0.04
    -284.41      0.08
    -283.38      0.10
    -282.35      0.11
    -281.31     -0.07
    -280.28     -0.08
    -279.25     -0.09
    -278.22      0.15
    -277.19     -0.04
    -276.16      0.08
    -275.13     -0.08
    -274.10      0.01
    -273.07     -0.06
    -272.04      0.13
    -271.01      0.06
    -269.98      0.00
    -268.95      0.10
    -267.92     -0.02
    -266.89      0.03
    -265.86     -0.08
    -264.83      0.02
    -263.80      0.02
    -262.77     -0.08
    -261.74      0.06
    -260.71     -0.03
    -259.68      0.12
    -258.64     -0.10
    -257.61      0.03
    -256.58     -0.05
    -255.55      0.16
    -254.52     -0.11
    -253.49      0.08
    -252.46      0.08
    -251.43     -0.12
    -250.40      0.07
    -249.37      0.04
    -248.34     -0.00
    -247.31      0.06
    -246.28     -0.04
    -245.25     -0.08
    -244.22     -0.10
    -243.19      0.07
    -242.16     -0.13
    -241.13     -0.11
    -240.10     -0.01
    -239.07      0.01
    -238.04     -0.02
    -237.01     -0.02
    -235.97     -0.09
    -234.94     -0.01
    -233.91     -0.08
    -232.88      0.08
    -231.85     -0.14
    -230.82      0.08
    -229.79      0.06
    -228.76      0.13
    -227.73      0.19
    -226.70      0.20
    -225.67     -0.02
    -224.64      0.10
    -223.61     -0.11
    -222.58     -0.10
    -221.55     -0.02
    -220.52      0.04
    -219.49      0.11
    -218.46     -0.03
    -217.43      0.09
    -216.40     -0.06
    -215.37      0.12
    -214.34     -0.10
    -213.30     -0.02
    -212.27     -0.08
    -211.24      0.04
    -210.21     -0.06
    -209.18     -0.07
    -208.15      0.01
    -207.12      0.02
    -206.09      0.14
    -205.06     -0.08
    -204.03      0.17
    -203.00      0.04
    -201.97      0.14
    -200.94      0.11
    -199.91     -0.02
    -198.88      0.05
    -197.85      0.01
    -196.82     -0.03
    -195.79     -0.00
    -194.76      0.05
    -193.73     -0.09
    -192.70     -0.00
    -191.67      0.14
    -190.63     -0.16
    -189.60      0.10
    -188.57     -0.05
    -187.54     -0.03
    -186.51     -0.08
    -185.48     -0.04
    -184.45     -0.00
    -183.42      0.17
    -182.39     -0.10
    -181.36     -0.02
    -180.33     -0.18
    -179.30     -0.03
    -178.27     -0.00
    -177.24      0.04
    -176.21      0.02
    -175.18      0.14
    -174.15     -0.04
    -173.12      0.04
    -172.09     -0.09
    -171.06     -0.04
    -170.03     -0.14
    -168.99      0.10
    -167.96      0.09
    -166.93      0.12
    -165.90      0.06
    -164.87      0.01
    -163.84      0.12
    -162.81     -0.08
    -161.78     -0.03
    -160.75     -0.03
    -159.72     -0.01
    -158.69     -0.02
    -157.66      0.15
    -156.63      0.04
    -155.60     -0.02
    -154.57      0.03
    -153.54      0.01
    -152.51      0.13
    -151.48     -0.13
    -150.45     -0.17
    -149.42     -0.04
    -148.39     -0.09
    -147.36     -0.01
    -146.32     -0.10
    -145.29      0.17
    -144.26      0.07
    -143.23     -0.13
    -142.20      0.03
    -141.17     -0.09
    -140.14      0.04
    -139.11      0.09
    -138.08     -0.06
    -137.05     -0.07
    -136.02     -0.04
    -134.99     -0.01
    -133.96      0.04
    -132.93     -0.03
    -131.90     -0.06
    -130.87      0.04
    -129.84      0.13
    -128.81     -0.05
    -127.78     -0.08
    -126.75     -0.07
    -125.72      0.17
    -124.69      0.04
    -123.65     -0.02
    -122.62     -0.03
    -121.59     -0.12
    -120.56      0.01
    -119.53      0.12
    -118.50      0.13
    -117.47      0.06
    -116.44     -0.05
    -115.41      0.10
    -114.38      0.05
    -113.35      0.08
    -112.32      0.08
    -111.29      0.02
    -110.26     -0.09
    -109.23      0.04
    -108.20      0.12
    -107.17      0.08
    -106.14      0.16
    -105.11      0.10
    -104.08     -0.01
    -103.05      0.14
    -102.02      0.01
    -100.98      0.12
     -99.95      0.31
     -98.92      0.35
     -97.89      0.43
     -96.86      0.64
     -95.83      1.04
     -94.80      1.34
     -93.77      1.41
     -92.74      1.77
     -91.71      2.34
     -90.68      2.65
     -89.65      3.34
     -88.62      4.08
     -87.59      4.88
     -86.56      6.42
     -85.53      7.89
     -84.50     10.08
     -83.47     12.64
     -82.44     15.92
     -81.41     20.20
     -80.38     25.57
     -79.35     32.22
     -78.31     39.47
     -77.28     46.89
     -76.25     53.92
     -75.22     59.43
     -74.19     64.97
     -73.16     70.32
     -72.13     73.94
     -71.10     75.87
     -70.07     76.13
     -69.04     74.74
     -68.01     72.08
     -66.98     67.28
     -65.95     61.99
     -64.92     55.82
     -63.89     49.66
     -62.86     43.21
     -61.83     37.17
     -60.80     31.20
     -59.77     26.49
     -58.74     22.84
     -57.71     20.22
     -56.68     18.82
     -55.64     18.38
     -54.61     17.41
     -53.58     16.84
     -52.55     16.04
     -51.52     15.69
     -50.49     16.11
     -49.46     15.77
     -48.43     14.33
     -47.40     12.69
     -46.37     10.58
     -45.34      9.50
     -44.31      8.33
     -43.28      7.51
     -42.25      7.08
     -41.22      6.88
     -40.19      6.25
     -39.16      6.13
     -38.13      6.03
     -37.10      5.49
     -36.07      5.48
     -35.04      5.65
     -34.01      6.26
     -32.97      7.25
     -31.94      8.26
     -30.91      9.52
     -29.88     10.74
     -28.85     11.84
     -27.82     12.86
     -26.79     14.02
     -25.76     15.68
     -24.73     17.25
     -23.70     19.84
     -22.67     23.18
     -21.64     26.32
     -20.61     30.13
     -19.58     33.38
     -18.55     37.22
     -17.52     41.10
     -16.49     45.51
     -15.46     49.57
     -14.43     53.84
     -13.40     57.16
     -12.37     60.73
     -11.34     64.13
     -10.30     67.93
      -9.27     71.41
      -8.24     74.07
      -7.21     75.61
      -6.18     75.76
      -5.15     76.49
      -4.12     78.77
      -3.09     82.82
      -2.06     89.08
      -1.03     96.37
       0.00    105.08
       1.03    111.21
       2.06    112.72
       3.09    113.91
       4.12    118.01
       5.15    121.72
       6.18    123.59
       7.21    123.20
       8.24    120.66
       9.27    116.01
      10.30    109.25
      11.34    103.13
      12.37     97.04
      13.40     89.87
      14.43     81.43
      15.46     72.68
      16.49     64.85
      17.52     58.51
      18.55     51.44
      19.58     43.79
      20.61     34.42
      21.64     25.29
      22.67     17.69
      23.70     12.01
      24.73      8.49
      25.76      6.09
      26.79      4.67
      27.82      3.50
      28.85      2.87
      29.88      2.28
      30.91      1.87
      31.94      1.46
      32.97      1.31
      34.01      1.24
      35.04      0.84
      36.07      0.85
      37.10      0.72
      38.13      0.42
      39.16      0.51
      40.19      0.36
      41.22      0.41
      42.25      0.44
      43.28      0.27
      44.31      0.46
      45.34      0.28
      46.37      0.22
      47.40      0.15
      48.43      0.16
      49.46      0.20
      50.49      0.20
      51.52      0.31
      52.55      0.26
      53.58      0.26
      54.61      0.16
      55.64      0.17
      56.68      0.20
      57.71      0.28
      58.74      0.01
      59.77      0.14
      60.80      0.18
      61.83     -0.04
      62.86      0.07
      63.89      0.15
      64.92      0.22
      65.95      0.05
      66.98      0.03
      68.01      0.17
      69.04      0.07
      70.07      0.08
      71.10      0.11
      72.13      0.14
      73.16     -0.14
      74.19      0.11
      75.22      0.07
      76.25      0.06
      77.28     -0.01
      78.31      0.07
      79.35      0.05
      80.38     -0.07
      81.41     -0.07
      82.44     -0.02
      83.47     -0.06
      84.50      0.02
      85.53     -0.06
      86.56      0.10
      87.59      0.14
      88.62     -0.01
      89.65      0.08
      90.68      0.17
      91.71     -0.03
      92.74      0.13
      93.77     -0.03
      94.80      0.02
      95.83      0.25
      96.86     -0.05
      97.89     -0.13
      98.92      0.19
      99.95     -0.12
     100.98      0.07
     102.02      0.15
     103.05     -0.17
     104.08     -0.15
     105.11      0.04
     106.14     -0.12
     107.17     -0.11
     108.20      0.09
     109.23      0.04
     110.26      0.03
     111.29     -0.09
     112.32      0.08
     113.35      0.06
     114.38     -0.08
     115.41      0.09
     116.44     -0.05
     117.47      0.05
     118.50      0.06
     119.53     -0.02
     120.56      0.00
     121.59      0.07
     122.62     -0.07
     123.65     -0.04
     124.69      0.03
     125.72     -0.03
     126.75     -0.08
     127.78     -0.08
     128.81      0.07
     129.84     -0.06
     130.87     -0.02
     131.90      0.11
     132.93      0.01
     133.96     -0.04
     134.99     -0.07
     136.02      0.05
     137.05     -0.03
     138.08      0.09
     139.11     -0.11
     140.14      0.03
     141.17     -0.11
     142.20     -0.07
     143.23     -0.05
     144.26     -0.03
     145.29     -0.08
     146.32     -0.02
     147.36     -0.10
     148.39      0.01
     149.42      0.06
     150.45      0.07
     151.48      0.15
     152.51     -0.04
     153.54      0.04
     154.57      0.06
     155.60     -0.10
     156.63      0.01
     157.66      0.12
     158.69      0.24
     159.72     -0.10
     160.75     -0.03
     161.78     -0.02
     162.81      0.11
     163.84      0.05
     164.87     -0.01
     165.90      0.09
     166.93     -0.05
     167.96      0.14
     168.99      0.02
     170.03      0.07
     171.06      0.04
     172.09     -0.13
     173.12     -0.02
     174.15      0.05
     175.18      0.16
     176.21      0.09
     177.24     -0.16
     178.27     -0.00
     179.30     -0.15
     180.33      0.05
     181.36      0.03
     182.39      0.08
     183.42      0.10
     184.45     -0.06
     185.48      0.01
     186.51     -0.07
     187.54      0.08
     188.57      0.21
     189.60      0.00
     190.63      0.01
     191.67     -0.02
     192.70      0.04
     193.73     -0.05
     194.76      0.01
     195.79      0.04
     196.82     -0.13
     197.85      0.14
     198.88     -0.09
     199.91      0.11
     200.94     -0.01
     201.97      0.00
     203.00      0.01
     204.03     -0.03
     205.06     -0.06
     206.09     -0.09
     207.12     -0.05
     208.15      0.05
     209.18     -0.10
     210.21      0.03
     211.24     -0.14
     212.27      0.00
     213.30     -0.16
     214.34     -0.04
     215.37     -0.05
     216.40      0.06
     217.43      0.13
     218.46      0.03
     219.49      0.11
     220.52      0.03
     221.55     -0.07
     222.58      0.18
     223.61      0.01
     224.64      0.09
     225.67     -0.05
     226.70      0.01
     227.73      0.06
     228.76     -0.01
     229.79      0.07
     230.82      0.05
     231.85      0.04
     232.88      0.11
     233.91     -0.02
     234.94     -0.14
     235.97     -0.09
     237.01     -0.07
     238.04      0.09
     239.07      0.13
     240.10     -0.05
     241.13     -0.11
     242.16     -0.07
     243.19     -0.02
     244.22     -0.15
     245.25     -0.05
     246.28     -0.07
     247.31     -0.06
     248.34     -0.03
     249.37     -0.00
     250.40      0.07
     251.43      0.19
     252.46      0.07
     253.49      0.07
     254.52      0.09
     255.55     -0.12
     256.58     -0.09
     257.61      0.13
     258.64     -0.02
     259.68      0.07
     260.71      0.07
     261.74      0.06
     262.77      0.14
     263.80      0.12
     264.83     -0.09
     265.86      0.16
     266.89     -0.14
     267.92     -0.05
     268.95     -0.17
     269.98      0.00
     271.01      0.00
     272.04      0.05
     273.07      0.05
     274.10     -0.05
     275.13      0.04
     276.16     -0.10
     277.19     -0.24
     278.22     -0.13
     279.25     -0.10
     280.28     -0.19
     281.31      0.05
     282.35      0.06
     283.38      0.04
     284.41      0.14
     285.44      0.11
     286.47      0.04
     287.50      0.05
     288.53      0.09
     289.56      0.12
     290.59     -0.02
     291.62     -0.03
     292.65      0.05
     293.68     -0.06
     294.71     -0.13
     295.74     -0.20
     296.77      0.07
     297.80      0.02
     298.83      0.18
     299.86      0.02
     300.89     -0.03
     301.92      0.08
     302.95      0.01
     303.98     -0.15
     305.02      0.10
     306.05     -0.01
     307.08      0.03
     308.11     -0.06
     309.14     -0.08
     310.17     -0.04
     311.20     -0.10
     312.23     -0.09
     313.26      0.02
     314.29     -0.05
     315.32      0.13
     316.35     -0.10
     317.38      0.05
     318.41      0.14
     319.44     -0.15
     320.47     -0.17
     321.50      0.14
     322.53     -0.02
     323.56      0.10
     324.59      0.06
     325.62      0.24
     326.65     -0.04
     327.69      0.01
     328.72     -0.05
     329.75     -0.01
     330.78     -0.05
     331.81      0.03
     332.84      0.06
     333.87      0.09
     334.90     -0.03
     335.93     -0.06
     336.96     -0.06
     337.99     -0.06
     339.02     -0.06
     340.05     -0.12
     341.08      0.05
     342.11      0.06
     343.14     -0.09
     344.17      0.05
     345.20     -0.11
     346.23      0.02
     347.26     -0.02
     348.29      0.01
     349.32     -0.01
     350.36      0.15
     351.39     -0.05
     352.42      0.04
     353.45      0.02
     354.48      0.09
     355.51     -0.01
     356.54      0.01
     357.57     -0.05
     358.60      0.10
     359.63     -0.00
     360.66      0.03
     361.69      0.12
     362.72     -0.05
     363.75     -0.03
     364.78      0.01
     365.81      0.08
     366.84     -0.13
     367.87     -0.05
     368.90     -0.02
     369.93      0.04
     370.96     -0.14
     372.00      0.02
     373.03      0.06
     374.06     -0.07
     375.09      0.04
     376.12      0.06
     377.15      0.03
     378.18     -0.10
     379.21     -0.03
     380.24     -0.15
     381.27      0.04
     382.30     -0.06
     383.33     -0.16
     384.36     -0.03
     385.39     -0.01
     386.42     -0.05
     387.45      0.07
     388.48     -0.01
     389.51     -0.05
     390.54     -0.17
     391.57     -0.01
     392.60     -0.13
     393.63     -0.10
     394.67     -0.28
     395.70     -0.13
     396.73     -0.06
     397.76     -0.10
     398.79     -0.20
     399.82     -0.27
   
