%%             30.00000             0.00000    0             0.27000
% LAB  survey ------------------
% wanted position:  l, b, RA, DEC, and interpolated  NH
% 30.00 ;   0.00 ; 281.52 ;  -2.61 ;  0.208E+23
% nearest position: l, b, RA, DEC, and observed NH
% 30.00 ;   0.00 ; 281.52 ;  -2.61 ;  0.208E+23
% GASS III survey --------------
% NH - median within 6 arcmin radius  0.197E+23
% NH - mean within specified beam     0.199E+23
%%GASS   1221  datapoints: v_lsr [km/s] and T_B [K] for beam weighted average and median within 6 arcmin
     399.82      0.21      0.22
     399.00     -0.14     -0.16
     398.17      0.09      0.03
     397.35     -0.07      0.06
     396.52     -0.17     -0.39
     395.70     -0.12     -0.31
     394.87     -0.14     -0.21
     394.05     -0.24     -0.04
     393.23      0.07      0.07
     392.40      0.05      0.08
     391.58      0.10      0.09
     390.75     -0.11     -0.02
     389.93      0.25      0.06
     389.10      0.09     -0.10
     388.28      0.09      0.09
     387.45      0.11     -0.14
     386.63      0.16     -0.13
     385.81      0.13      0.20
     384.98      0.06     -0.08
     384.16      0.10     -0.00
     383.33      0.11      0.09
     382.51     -0.12      0.20
     381.68     -0.13     -0.19
     380.86      0.02     -0.07
     380.04      0.06      0.18
     379.21     -0.10     -0.22
     378.39     -0.09      0.00
     377.56      0.05     -0.06
     376.74     -0.05     -0.39
     375.91      0.23      0.17
     375.09     -0.07     -0.14
     374.26     -0.08     -0.20
     373.44     -0.08     -0.26
     372.62      0.03      0.08
     371.79      0.22      0.26
     370.97     -0.04      0.14
     370.14     -0.08     -0.13
     369.32     -0.01     -0.01
     368.49      0.22      0.05
     367.67      0.02     -0.02
     366.85     -0.07     -0.25
     366.02      0.10      0.08
     365.20     -0.07      0.07
     364.37     -0.18     -0.33
     363.55      0.04      0.02
     362.72     -0.04     -0.10
     361.90      0.11      0.08
     361.07      0.14     -0.01
     360.25     -0.06     -0.10
     359.43     -0.01     -0.10
     358.60      0.01      0.04
     357.78     -0.06     -0.19
     356.95      0.01      0.09
     356.13     -0.02     -0.00
     355.30      0.13      0.08
     354.48     -0.06     -0.01
     353.66      0.20      0.18
     352.83     -0.27     -0.44
     352.01     -0.13     -0.31
     351.18      0.06     -0.12
     350.36      0.23      0.10
     349.53      0.03      0.12
     348.71      0.03     -0.10
     347.88     -0.08     -0.21
     347.06     -0.10     -0.15
     346.24      0.03      0.11
     345.41      0.06      0.09
     344.59      0.09      0.02
     343.76      0.03      0.05
     342.94      0.03      0.04
     342.11     -0.04     -0.04
     341.29      0.06     -0.13
     340.47      0.11     -0.02
     339.64      0.06      0.07
     338.82     -0.12     -0.19
     337.99     -0.02      0.14
     337.17     -0.07     -0.06
     336.34      0.03     -0.07
     335.52      0.13      0.26
     334.69      0.16     -0.02
     333.87      0.23      0.25
     333.05      0.17     -0.01
     332.22      0.08     -0.01
     331.40      0.04      0.18
     330.57      0.16      0.17
     329.75      0.01      0.08
     328.92     -0.02     -0.03
     328.10     -0.18     -0.06
     327.28      0.05      0.10
     326.45      0.01     -0.05
     325.63      0.32      0.48
     324.80     -0.01      0.04
     323.98      0.11      0.07
     323.15      0.01     -0.06
     322.33      0.11      0.13
     321.50     -0.11     -0.13
     320.68     -0.11     -0.14
     319.86     -0.37     -0.43
     319.03      0.03      0.11
     318.21      0.26      0.29
     317.38     -0.03     -0.04
     316.56     -0.03     -0.27
     315.73     -0.26     -0.16
     314.91      0.17      0.21
     314.09      0.09      0.10
     313.26     -0.08     -0.28
     312.44     -0.04     -0.03
     311.61     -0.12     -0.16
     310.79     -0.11      0.07
     309.96      0.06     -0.09
     309.14     -0.12     -0.01
     308.31     -0.07     -0.35
     307.49     -0.10     -0.30
     306.67      0.10      0.12
     305.84      0.13     -0.16
     305.02      0.03      0.18
     304.19      0.21     -0.10
     303.37      0.13      0.12
     302.54     -0.14     -0.24
     301.72      0.09      0.13
     300.90      0.18      0.41
     300.07     -0.17     -0.26
     299.25     -0.00     -0.02
     298.42     -0.06      0.05
     297.60      0.01      0.02
     296.77      0.14      0.09
     295.95      0.20      0.36
     295.12     -0.07     -0.00
     294.30     -0.16     -0.27
     293.48     -0.20     -0.38
     292.65      0.01     -0.14
     291.83      0.11      0.14
     291.00     -0.19     -0.28
     290.18     -0.13     -0.08
     289.35      0.11     -0.02
     288.53     -0.02      0.00
     287.71     -0.04      0.17
     286.88     -0.06     -0.07
     286.06     -0.20     -0.16
     285.23     -0.03     -0.11
     284.41      0.05     -0.21
     283.58      0.11     -0.15
     282.76     -0.22     -0.33
     281.93     -0.04     -0.08
     281.11     -0.24     -0.41
     280.29      0.09      0.17
     279.46     -0.12     -0.11
     278.64     -0.04      0.01
     277.81      0.15      0.29
     276.99     -0.07     -0.05
     276.16     -0.28     -0.42
     275.34     -0.18     -0.11
     274.52      0.22      0.20
     273.69     -0.01      0.02
     272.87      0.03      0.07
     272.04      0.01      0.30
     271.22     -0.03     -0.00
     270.39      0.06     -0.04
     269.57     -0.08     -0.11
     268.75     -0.07     -0.09
     267.92     -0.08     -0.10
     267.10     -0.05     -0.04
     266.27      0.06      0.01
     265.45     -0.01      0.03
     264.62     -0.03      0.07
     263.80     -0.14      0.07
     262.97      0.15      0.18
     262.15     -0.20     -0.25
     261.33     -0.00      0.07
     260.50     -0.00      0.08
     259.68     -0.07     -0.13
     258.85      0.01     -0.22
     258.03      0.00     -0.13
     257.20      0.04      0.07
     256.38     -0.19     -0.27
     255.56     -0.11     -0.16
     254.73     -0.06     -0.11
     253.91      0.05     -0.03
     253.08      0.00     -0.10
     252.26     -0.00      0.08
     251.43     -0.09     -0.20
     250.61      0.10     -0.03
     249.78      0.05      0.01
     248.96     -0.02      0.06
     248.14     -0.06     -0.26
     247.31     -0.04     -0.20
     246.49      0.13     -0.01
     245.66     -0.13     -0.02
     244.84     -0.14     -0.16
     244.01      0.08     -0.25
     243.19     -0.04     -0.12
     242.37      0.18      0.22
     241.54     -0.15     -0.23
     240.72     -0.02     -0.14
     239.89      0.08     -0.17
     239.07     -0.09     -0.05
     238.24     -0.01     -0.17
     237.42     -0.07     -0.08
     236.59      0.02     -0.04
     235.77     -0.06     -0.07
     234.95      0.10     -0.09
     234.12      0.10      0.04
     233.30      0.02      0.21
     232.47     -0.03     -0.08
     231.65     -0.10     -0.09
     230.82      0.05      0.09
     230.00      0.04     -0.04
     229.18     -0.07     -0.31
     228.35     -0.05     -0.05
     227.53     -0.21     -0.47
     226.70     -0.07     -0.15
     225.88      0.09      0.09
     225.05      0.15      0.21
     224.23      0.11      0.14
     223.40     -0.19     -0.22
     222.58      0.04      0.18
     221.76      0.12      0.24
     220.93      0.14      0.35
     220.11     -0.05      0.04
     219.28      0.03     -0.02
     218.46     -0.20     -0.29
     217.63      0.09      0.14
     216.81     -0.07     -0.10
     215.99      0.20      0.10
     215.16      0.20      0.24
     214.34     -0.05      0.16
     213.51      0.04     -0.03
     212.69     -0.03     -0.05
     211.86      0.02     -0.02
     211.04      0.11      0.10
     210.21      0.01     -0.05
     209.39      0.14      0.30
     208.57     -0.10     -0.20
     207.74      0.02      0.05
     206.92     -0.02     -0.07
     206.09      0.04     -0.12
     205.27     -0.11     -0.03
     204.44      0.10      0.09
     203.62      0.16      0.03
     202.80     -0.12     -0.27
     201.97     -0.12     -0.16
     201.15      0.05     -0.10
     200.32      0.21      0.33
     199.50      0.09     -0.07
     198.67      0.00     -0.08
     197.85     -0.22     -0.09
     197.02      0.00     -0.01
     196.20      0.09      0.18
     195.38      0.00      0.12
     194.55      0.15     -0.04
     193.73      0.13      0.09
     192.90      0.10      0.04
     192.08     -0.01     -0.19
     191.25      0.12      0.00
     190.43     -0.05     -0.14
     189.61      0.04      0.10
     188.78      0.11      0.21
     187.96     -0.16     -0.12
     187.13      0.04      0.05
     186.31     -0.39     -0.41
     185.48      0.07     -0.20
     184.66     -0.10     -0.42
     183.83      0.04     -0.17
     183.01     -0.10     -0.03
     182.19      0.04      0.13
     181.36     -0.00     -0.08
     180.54      0.05     -0.07
     179.71     -0.04     -0.20
     178.89      0.07     -0.02
     178.06     -0.17     -0.30
     177.24     -0.01      0.05
     176.42      0.00     -0.11
     175.59      0.03     -0.05
     174.77     -0.05     -0.23
     173.94     -0.12     -0.04
     173.12     -0.01     -0.16
     172.29      0.09      0.00
     171.47      0.02     -0.19
     170.64     -0.02     -0.09
     169.82     -0.09     -0.19
     169.00      0.01      0.14
     168.17      0.17      0.14
     167.35     -0.03      0.01
     166.52      0.01      0.07
     165.70     -0.01      0.10
     164.87     -0.05      0.08
     164.05      0.19      0.11
     163.23      0.00      0.28
     162.40     -0.03     -0.09
     161.58      0.10      0.05
     160.75      0.05      0.05
     159.93      0.04      0.09
     159.10      0.26      0.36
     158.28      0.27      0.09
     157.45      0.19     -0.07
     156.63      0.07      0.17
     155.81     -0.12     -0.26
     154.98     -0.02     -0.10
     154.16      0.15      0.01
     153.33      0.42      0.17
     152.51      0.35      0.31
     151.68      0.17      0.09
     150.86      0.00      0.11
     150.04      0.14      0.15
     149.21      0.28      0.10
     148.39      0.10      0.10
     147.56     -0.02     -0.03
     146.74      0.05     -0.03
     145.91      0.11      0.16
     145.09      0.04      0.06
     144.26      0.13     -0.00
     143.44      0.43      0.59
     142.62      0.22     -0.19
     141.79      0.26      0.42
     140.97      0.42      0.26
     140.14      0.42      0.39
     139.32      0.13      0.09
     138.49      0.50      0.63
     137.67      0.20      0.26
     136.85      0.37      0.26
     136.02      0.41      0.43
     135.20      0.54      0.45
     134.37      0.52      0.45
     133.55      0.56      0.60
     132.72      0.68      0.50
     131.90      0.90      0.94
     131.08      1.07      1.00
     130.25      1.09      1.00
     129.43      1.03      0.97
     128.60      1.17      1.18
     127.78      1.57      1.62
     126.95      2.11      2.30
     126.13      2.41      2.65
     125.30      2.96      3.01
     124.48      3.24      3.29
     123.66      3.89      3.87
     122.83      4.40      4.38
     122.01      5.48      5.21
     121.18      6.45      6.39
     120.36      7.95      7.85
     119.53      9.49      9.79
     118.71     11.74     11.92
     117.89     14.19     14.47
     117.06     17.44     17.77
     116.24     21.52     21.91
     115.41     26.16     26.38
     114.59     31.45     31.97
     113.76     37.77     39.21
     112.94     44.88     45.98
     112.11     53.43     54.55
     111.29     61.81     62.24
     110.47     70.97     71.29
     109.64     80.22     80.71
     108.82     88.05     87.73
     107.99     94.64     93.88
     107.17     98.32     98.03
     106.34    100.23     99.95
     105.52     99.97     99.40
     104.70     97.99     96.47
     103.87     95.36     95.13
     103.05     92.88     92.54
     102.22     91.78     90.90
     101.40     91.56     91.69
     100.57     92.65     93.47
      99.75     93.53     92.44
      98.92     94.74     95.30
      98.10     94.65     94.29
      97.28     94.60     93.50
      96.45     94.39     92.88
      95.63     94.81     93.82
      94.80     96.46     95.67
      93.98     98.34     97.31
      93.15     99.65     98.32
      92.33     98.51     97.65
      91.51     96.09     95.30
      90.68     93.54     91.58
      89.86     90.88     89.89
      89.03     86.98     85.89
      88.21     84.52     83.58
      87.38     82.69     81.20
      86.56     82.61     82.05
      85.73     82.99     81.17
      84.91     83.18     81.37
      84.09     82.92     81.49
      83.26     81.55     79.95
      82.44     82.01     80.88
      81.61     82.27     80.99
      80.79     82.95     80.62
      79.96     82.75     80.55
      79.14     83.64     82.23
      78.32     83.77     82.89
      77.49     84.30     83.65
      76.67     83.74     82.60
      75.84     82.67     81.73
      75.02     81.42     80.76
      74.19     80.18     80.15
      73.37     80.19     79.98
      72.54     79.82     79.84
      71.72     78.74     78.11
      70.90     78.35     78.14
      70.07     78.01     78.06
      69.25     77.75     77.53
      68.42     77.42     77.69
      67.60     77.14     77.58
      66.77     78.27     78.89
      65.95     78.86     79.48
      65.13     80.42     79.96
      64.30     80.79     81.45
      63.48     81.44     81.82
      62.65     80.89     79.91
      61.83     80.84     79.81
      61.00     80.22     79.34
      60.18     79.76     77.71
      59.35     79.21     78.51
      58.53     78.97     76.98
      57.71     79.71     78.42
      56.88     78.47     75.94
      56.06     74.23     73.57
      55.23     68.46     68.07
      54.41     63.18     62.40
      53.58     59.53     57.93
      52.76     58.40     56.06
      51.94     59.61     58.11
      51.11     63.25     61.64
      50.29     69.31     67.56
      49.46     75.06     74.42
      48.64     82.19     83.46
      47.81     89.32     89.89
      46.99     95.15     94.17
      46.16     99.31     98.82
      45.34    101.48    101.31
      44.52    101.53    101.76
      43.69    101.89    102.19
      42.87     99.14     98.75
      42.04     97.85     97.81
      41.22     96.41     95.49
      40.39     94.42     93.41
      39.57     91.03     90.40
      38.75     88.46     88.14
      37.92     85.57     85.45
      37.10     82.76     81.71
      36.27     80.29     80.15
      35.45     78.97     78.82
      34.62     77.59     76.65
      33.80     78.16     77.28
      32.97     78.47     77.36
      32.15     78.91     77.28
      31.33     80.23     79.32
      30.50     81.65     80.92
      29.68     84.60     83.98
      28.85     87.38     87.58
      28.03     89.78     89.41
      27.20     92.68     91.16
      26.38     93.94     92.83
      25.56     94.06     93.91
      24.73     93.49     93.55
      23.91     92.02     91.04
      23.08     90.87     89.91
      22.26     89.07     88.78
      21.43     88.21     87.42
      20.61     87.02     86.18
      19.78     86.97     86.30
      18.96     86.50     85.25
      18.14     83.57     82.46
      17.31     78.68     79.45
      16.49     74.07     72.65
      15.66     70.04     70.11
      14.84     66.92     66.13
      14.01     63.06     61.99
      13.19     59.41     58.83
      12.37     57.70     56.04
      11.54     60.15     59.50
      10.72     59.47     58.84
       9.89     59.59     59.13
       9.07     55.04     54.50
       8.24     47.17     46.45
       7.42     43.42     42.24
       6.59     42.80     42.23
       5.77     43.41     41.54
       4.95     44.77     44.57
       4.12     46.29     45.12
       3.30     45.83     45.45
       2.47     45.23     44.74
       1.65     44.84     44.49
       0.82     45.55     44.59
       0.00     44.38     43.43
      -0.82     38.43     38.04
      -1.65     30.50     29.98
      -2.47     23.44     23.33
      -3.30     18.84     18.64
      -4.12     15.70     15.31
      -4.95     14.36     13.66
      -5.77     14.24     13.39
      -6.59     14.74     13.86
      -7.42     16.04     14.82
      -8.24     17.75     16.43
      -9.07     20.55     19.39
      -9.89     23.52     22.55
     -10.72     26.63     25.35
     -11.54     30.51     29.20
     -12.37     35.08     34.26
     -13.19     40.44     39.17
     -14.01     45.54     44.14
     -14.84     51.78     50.88
     -15.66     57.20     55.61
     -16.49     63.15     62.21
     -17.31     66.69     66.58
     -18.14     69.43     68.40
     -18.96     71.22     70.61
     -19.78     71.45     71.02
     -20.61     69.55     69.84
     -21.43     67.70     67.86
     -22.26     63.01     64.69
     -23.08     57.61     58.90
     -23.91     52.14     53.41
     -24.73     46.95     48.08
     -25.56     42.08     42.84
     -26.38     38.10     38.93
     -27.20     35.31     35.17
     -28.03     32.53     32.32
     -28.85     31.17     30.02
     -29.68     30.26     30.40
     -30.50     29.92     29.72
     -31.33     30.01     29.58
     -32.15     30.30     31.18
     -32.97     31.47     31.02
     -33.80     31.55     30.92
     -34.62     31.96     31.62
     -35.45     32.28     32.15
     -36.27     31.83     31.02
     -37.10     31.12     30.94
     -37.92     29.92     29.87
     -38.75     28.74     28.37
     -39.57     26.14     26.01
     -40.39     23.42     23.21
     -41.22     20.13     19.72
     -42.04     17.26     17.15
     -42.87     14.76     14.80
     -43.69     12.66     12.71
     -44.52     10.99     11.17
     -45.34      9.64      9.37
     -46.16      8.43      8.31
     -46.99      7.06      6.81
     -47.81      6.36      6.24
     -48.64      5.30      5.18
     -49.46      4.87      4.73
     -50.29      4.36      4.16
     -51.11      3.53      3.63
     -51.94      3.01      2.96
     -52.76      2.63      2.64
     -53.58      2.39      2.49
     -54.41      2.07      2.34
     -55.23      1.83      1.72
     -56.06      1.50      1.23
     -56.88      1.25      1.22
     -57.71      1.18      0.99
     -58.53      0.85      0.72
     -59.35      1.20      0.96
     -60.18      0.81      0.85
     -61.00      0.79      0.63
     -61.83      0.79      0.40
     -62.65      0.71      0.75
     -63.48      0.55      0.63
     -64.30      0.72      0.71
     -65.13      0.47      0.50
     -65.95      0.38      0.69
     -66.77      0.51      0.41
     -67.60      0.28     -0.04
     -68.42      0.26      0.28
     -69.25      0.37      0.50
     -70.07      0.27      0.46
     -70.90      0.54      0.58
     -71.72      0.16      0.01
     -72.54      0.24      0.20
     -73.37      0.24      0.09
     -74.19      0.11      0.10
     -75.02      0.33      0.30
     -75.84      0.08      0.38
     -76.67      0.26      0.27
     -77.49     -0.05      0.19
     -78.32      0.41      0.33
     -79.14      0.14      0.19
     -79.96      0.12      0.22
     -80.79      0.13      0.18
     -81.61      0.22      0.14
     -82.44      0.15      0.12
     -83.26      0.21      0.03
     -84.09      0.25      0.16
     -84.91      0.01      0.25
     -85.73      0.13      0.21
     -86.56      0.01      0.09
     -87.38      0.23      0.34
     -88.21      0.38      0.30
     -89.03      0.25      0.31
     -89.86      0.23      0.38
     -90.68      0.09     -0.02
     -91.51      0.01      0.09
     -92.33      0.44      0.20
     -93.15     -0.03     -0.11
     -93.98      0.16      0.21
     -94.80      0.09      0.21
     -95.63      0.05      0.00
     -96.45      0.18      0.24
     -97.28     -0.03      0.06
     -98.10      0.06      0.08
     -98.92      0.26      0.24
     -99.75      0.25      0.13
    -100.57      0.19      0.06
    -101.40      0.41      0.38
    -102.22      0.24      0.31
    -103.05      0.33      0.38
    -103.87      0.30      0.36
    -104.70      0.27      0.09
    -105.52      0.23      0.11
    -106.34      0.20      0.22
    -107.17      0.14      0.09
    -107.99      0.37      0.30
    -108.82     -0.28     -0.20
    -109.64      0.23      0.32
    -110.47      0.10      0.04
    -111.29      0.27      0.32
    -112.11      0.13      0.18
    -112.94      0.13      0.10
    -113.76      0.11      0.08
    -114.59      0.33      0.22
    -115.41      0.14     -0.17
    -116.24     -0.05     -0.13
    -117.06      0.17      0.04
    -117.89      0.22      0.20
    -118.71      0.35      0.46
    -119.53      0.11      0.14
    -120.36      0.14      0.30
    -121.18      0.09     -0.05
    -122.01     -0.04     -0.17
    -122.83      0.22      0.34
    -123.66     -0.04     -0.02
    -124.48      0.27      0.33
    -125.30      0.19      0.32
    -126.13     -0.05      0.03
    -126.95      0.07      0.13
    -127.78      0.03      0.03
    -128.60      0.13     -0.02
    -129.43      0.13      0.15
    -130.25     -0.04     -0.04
    -131.08      0.03     -0.07
    -131.90     -0.04      0.08
    -132.72      0.32      0.37
    -133.55      0.02     -0.03
    -134.37     -0.07     -0.06
    -135.20      0.17      0.37
    -136.02      0.32      0.27
    -136.85     -0.05     -0.18
    -137.67      0.03      0.16
    -138.49     -0.01     -0.14
    -139.32      0.15     -0.18
    -140.14      0.16      0.25
    -140.97      0.03      0.03
    -141.79     -0.08      0.03
    -142.62     -0.07      0.05
    -143.44      0.02     -0.07
    -144.26     -0.05     -0.15
    -145.09      0.02      0.09
    -145.91     -0.04     -0.20
    -146.74     -0.19     -0.10
    -147.56     -0.18     -0.17
    -148.39      0.07     -0.02
    -149.21     -0.09     -0.21
    -150.04      0.10      0.15
    -150.86     -0.12     -0.04
    -151.68     -0.43     -0.48
    -152.51     -0.20     -0.22
    -153.33     -0.30     -0.29
    -154.16     -0.14     -0.15
    -154.98     -0.29     -0.21
    -155.81     -0.07     -0.26
    -156.63     -0.31     -0.42
    -157.45      0.03      0.12
    -158.28     -0.23     -0.33
    -159.10     -0.02     -0.07
    -159.93     -0.23     -0.39
    -160.75     -0.16     -0.17
    -161.58     -0.11     -0.19
    -162.40     -0.14     -0.24
    -163.23     -0.11     -0.08
    -164.05     -0.21     -0.19
    -164.87      0.08     -0.02
    -165.70      0.04      0.10
    -166.52     -0.04      0.09
    -167.35     -0.21     -0.20
    -168.17     -0.11     -0.21
    -169.00      0.05      0.06
    -169.82     -0.36     -0.44
    -170.64     -0.15     -0.03
    -171.47      0.16      0.05
    -172.29      0.20      0.24
    -173.12      0.19      0.25
    -173.94      0.19      0.09
    -174.77     -0.06      0.13
    -175.59      0.36      0.24
    -176.42     -0.21     -0.28
    -177.24     -0.19     -0.20
    -178.06      0.17      0.31
    -178.89      0.14      0.13
    -179.71      0.08     -0.05
    -180.54     -0.23     -0.43
    -181.36     -0.03     -0.37
    -182.19      0.03     -0.07
    -183.01      0.04      0.08
    -183.83      0.06      0.11
    -184.66      0.00     -0.02
    -185.48      0.07      0.11
    -186.31      0.02      0.08
    -187.13      0.04     -0.02
    -187.96     -0.02     -0.04
    -188.78      0.06      0.09
    -189.61      0.05     -0.06
    -190.43      0.17      0.20
    -191.25     -0.09     -0.16
    -192.08     -0.08     -0.16
    -192.90      0.20      0.20
    -193.73      0.05      0.05
    -194.55      0.19      0.06
    -195.38      0.00     -0.07
    -196.20     -0.10      0.02
    -197.02     -0.08     -0.22
    -197.85      0.02      0.10
    -198.67      0.15      0.34
    -199.50      0.07      0.13
    -200.32      0.08      0.15
    -201.15      0.04      0.09
    -201.97      0.00     -0.07
    -202.80      0.15      0.05
    -203.62     -0.05     -0.18
    -204.44     -0.01     -0.17
    -205.27      0.14     -0.01
    -206.09      0.06     -0.23
    -206.92     -0.16     -0.02
    -207.74      0.19      0.03
    -208.57      0.04     -0.09
    -209.39     -0.15     -0.34
    -210.21      0.15     -0.05
    -211.04      0.10      0.04
    -211.86      0.33      0.19
    -212.69      0.01      0.07
    -213.51      0.11     -0.06
    -214.34     -0.08     -0.15
    -215.16      0.08      0.15
    -215.99      0.25      0.30
    -216.81     -0.10      0.00
    -217.63     -0.08     -0.16
    -218.46     -0.01     -0.08
    -219.28     -0.10     -0.16
    -220.11     -0.33     -0.40
    -220.93      0.11      0.04
    -221.76     -0.10     -0.24
    -222.58      0.09     -0.02
    -223.40      0.04     -0.02
    -224.23     -0.11     -0.24
    -225.05     -0.03     -0.14
    -225.88     -0.23     -0.33
    -226.70     -0.01     -0.06
    -227.53     -0.00      0.01
    -228.35     -0.08     -0.00
    -229.18      0.24      0.32
    -230.00      0.25      0.26
    -230.82     -0.17     -0.15
    -231.65      0.12      0.09
    -232.47      0.24      0.12
    -233.30      0.09      0.17
    -234.12      0.09      0.20
    -234.95      0.05     -0.09
    -235.77     -0.09     -0.20
    -236.59      0.12      0.13
    -237.42      0.05     -0.15
    -238.24     -0.06     -0.18
    -239.07      0.01     -0.14
    -239.89     -0.05     -0.17
    -240.72      0.10      0.17
    -241.54     -0.07     -0.09
    -242.37     -0.02     -0.18
    -243.19      0.25      0.10
    -244.01      0.27      0.02
    -244.84     -0.11     -0.03
    -245.66     -0.04     -0.19
    -246.49     -0.03     -0.24
    -247.31     -0.07     -0.21
    -248.14      0.06      0.02
    -248.96     -0.04      0.01
    -249.78      0.10      0.03
    -250.61      0.12      0.18
    -251.43      0.13      0.29
    -252.26      0.01     -0.18
    -253.08     -0.14     -0.05
    -253.91     -0.25     -0.36
    -254.73     -0.13     -0.35
    -255.56      0.14      0.04
    -256.38      0.11      0.26
    -257.20      0.08      0.04
    -258.03     -0.03     -0.14
    -258.85      0.25      0.46
    -259.68     -0.00     -0.18
    -260.50      0.35      0.38
    -261.33     -0.07     -0.23
    -262.15      0.18     -0.03
    -262.97      0.07      0.08
    -263.80      0.02     -0.20
    -264.62      0.13      0.08
    -265.45      0.05      0.10
    -266.27     -0.08     -0.14
    -267.10      0.03     -0.11
    -267.92     -0.11     -0.31
    -268.75      0.06     -0.08
    -269.57      0.11      0.13
    -270.39      0.06      0.06
    -271.22     -0.12     -0.30
    -272.04     -0.04     -0.06
    -272.87     -0.10     -0.09
    -273.69     -0.08     -0.14
    -274.52     -0.01     -0.20
    -275.34     -0.18     -0.22
    -276.16      0.05      0.01
    -276.99     -0.12     -0.04
    -277.81     -0.15     -0.09
    -278.64      0.31      0.14
    -279.46      0.01     -0.11
    -280.29      0.02     -0.21
    -281.11     -0.22     -0.29
    -281.93     -0.10     -0.11
    -282.76      0.04      0.08
    -283.58     -0.08     -0.08
    -284.41      0.12      0.01
    -285.23      0.17      0.17
    -286.06     -0.16     -0.18
    -286.88      0.24      0.41
    -287.71     -0.13     -0.10
    -288.53      0.08      0.06
    -289.35     -0.09     -0.04
    -290.18      0.05     -0.00
    -291.00     -0.13     -0.10
    -291.83     -0.18     -0.25
    -292.65     -0.06      0.06
    -293.48     -0.03     -0.26
    -294.30      0.14      0.19
    -295.12      0.03     -0.14
    -295.95      0.05     -0.02
    -296.77     -0.11     -0.27
    -297.60     -0.10     -0.10
    -298.42     -0.09      0.07
    -299.25      0.21      0.17
    -300.07      0.03      0.12
    -300.90     -0.15     -0.15
    -301.72     -0.15      0.00
    -302.54      0.00     -0.03
    -303.37      0.21      0.30
    -304.19     -0.12     -0.37
    -305.02      0.00     -0.15
    -305.84     -0.26     -0.32
    -306.67      0.05     -0.01
    -307.49      0.09      0.27
    -308.31     -0.20     -0.12
    -309.14     -0.25     -0.30
    -309.96     -0.03     -0.05
    -310.79     -0.17     -0.11
    -311.61     -0.02     -0.19
    -312.44     -0.03     -0.04
    -313.26      0.09     -0.08
    -314.09     -0.02     -0.13
    -314.91     -0.02     -0.01
    -315.73      0.00     -0.23
    -316.56     -0.07      0.00
    -317.38     -0.10     -0.07
    -318.21      0.06      0.00
    -319.03      0.07     -0.03
    -319.86     -0.13     -0.29
    -320.68     -0.02      0.11
    -321.50      0.14      0.27
    -322.33     -0.41     -0.47
    -323.15     -0.06     -0.06
    -323.98      0.04      0.08
    -324.80      0.23      0.14
    -325.63      0.12      0.08
    -326.45     -0.13     -0.35
    -327.28      0.17      0.41
    -328.10      0.07     -0.01
    -328.92     -0.24     -0.13
    -329.75      0.03      0.12
    -330.57      0.02      0.07
    -331.40     -0.16     -0.17
    -332.22      0.07      0.17
    -333.05     -0.16     -0.11
    -333.87     -0.03     -0.18
    -334.69     -0.04     -0.21
    -335.52      0.04     -0.10
    -336.34      0.14      0.02
    -337.17      0.13      0.09
    -337.99      0.06      0.01
    -338.82     -0.11     -0.26
    -339.64     -0.08      0.07
    -340.47      0.01      0.04
    -341.29     -0.12     -0.27
    -342.11      0.16      0.12
    -342.94      0.35      0.34
    -343.76     -0.20     -0.16
    -344.59      0.20      0.15
    -345.41      0.04      0.13
    -346.24      0.07      0.06
    -347.06      0.03      0.04
    -347.88     -0.01      0.01
    -348.71      0.14     -0.02
    -349.53     -0.05     -0.18
    -350.36     -0.12     -0.08
    -351.18      0.01      0.01
    -352.01      0.08      0.03
    -352.83     -0.18     -0.23
    -353.66     -0.04      0.30
    -354.48      0.15      0.07
    -355.30     -0.21      0.01
    -356.13      0.13     -0.13
    -356.95     -0.07     -0.19
    -357.78     -0.16     -0.42
    -358.60     -0.17     -0.25
    -359.43     -0.07     -0.19
    -360.25      0.15      0.21
    -361.07     -0.03      0.02
    -361.90      0.05     -0.22
    -362.72      0.08     -0.17
    -363.55     -0.08     -0.03
    -364.37      0.03     -0.09
    -365.20      0.05      0.10
    -366.02     -0.01     -0.13
    -366.85     -0.01     -0.22
    -367.67     -0.18     -0.35
    -368.49      0.04     -0.12
    -369.32      0.03     -0.06
    -370.14      0.03      0.08
    -370.97     -0.15     -0.03
    -371.79      0.07     -0.04
    -372.62     -0.00     -0.14
    -373.44      0.05     -0.16
    -374.26      0.07     -0.03
    -375.09     -0.10     -0.21
    -375.91     -0.11     -0.27
    -376.74      0.17      0.09
    -377.56      0.00     -0.01
    -378.39      0.18      0.39
    -379.21     -0.16     -0.17
    -380.04      0.10      0.03
    -380.86      0.09     -0.05
    -381.68      0.03     -0.01
    -382.51      0.16      0.16
    -383.33      0.17      0.26
    -384.16      0.26      0.17
    -384.98     -0.17     -0.29
    -385.81     -0.09     -0.01
    -386.63      0.05     -0.08
    -387.45     -0.07     -0.22
    -388.28      0.17      0.28
    -389.10     -0.16     -0.23
    -389.93     -0.14      0.03
    -390.75      0.07      0.04
    -391.58     -0.14     -0.18
    -392.40      0.05      0.11
    -393.23      0.16      0.15
    -394.05     -0.08     -0.09
    -394.87     -0.09      0.01
    -395.70      0.09      0.07
    -396.52     -0.07     -0.06
    -397.35      0.07      0.22
    -398.17      0.00     -0.00
    -399.00      0.09      0.04
    -399.82      0.07      0.06
%%LAB     777  datapoints: v_lsr [km/s] and T_B [K]
    -399.86     -0.25
    -398.83      0.18
    -397.80     -0.16
    -396.77      0.13
    -395.74      0.16
    -394.71     -0.07
    -393.68      0.08
    -392.65      0.15
    -391.62     -0.15
    -390.59      0.02
    -389.56     -0.08
    -388.53      0.19
    -387.50      0.12
    -386.47     -0.19
    -385.44      0.15
    -384.41     -0.02
    -383.38      0.11
    -382.34     -0.09
    -381.31      0.27
    -380.28     -0.13
    -379.25     -0.14
    -378.22     -0.09
    -377.19      0.07
    -376.16      0.12
    -375.13      0.06
    -374.10     -0.05
    -373.07     -0.00
    -372.04      0.09
    -371.01      0.08
    -369.98      0.01
    -368.95     -0.08
    -367.92     -0.17
    -366.89     -0.05
    -365.86      0.11
    -364.82     -0.16
    -363.79     -0.09
    -362.76      0.14
    -361.73      0.04
    -360.70      0.04
    -359.67      0.09
    -358.64      0.24
    -357.61     -0.27
    -356.58     -0.00
    -355.55     -0.05
    -354.52     -0.05
    -353.49      0.11
    -352.46      0.25
    -351.43     -0.03
    -350.40     -0.14
    -349.37     -0.14
    -348.34      0.15
    -347.31      0.11
    -346.27      0.04
    -345.24     -0.02
    -344.21     -0.14
    -343.18      0.16
    -342.15      0.07
    -341.12     -0.08
    -340.09     -0.03
    -339.06      0.03
    -338.03      0.05
    -337.00     -0.19
    -335.97      0.18
    -334.94     -0.26
    -333.91      0.14
    -332.88     -0.23
    -331.85      0.06
    -330.82      0.19
    -329.79     -0.32
    -328.75     -0.27
    -327.72     -0.22
    -326.69     -0.24
    -325.66     -0.14
    -324.63     -0.14
    -323.60      0.07
    -322.57      0.15
    -321.54      0.28
    -320.51     -0.09
    -319.48      0.18
    -318.45     -0.22
    -317.42     -0.05
    -316.39     -0.03
    -315.36      0.16
    -314.33      0.10
    -313.30      0.08
    -312.27     -0.02
    -311.23      0.02
    -310.20      0.17
    -309.17     -0.09
    -308.14     -0.11
    -307.11      0.06
    -306.08     -0.09
    -305.05     -0.12
    -304.02      0.08
    -302.99      0.09
    -301.96     -0.06
    -300.93      0.02
    -299.90      0.01
    -298.87      0.24
    -297.84     -0.01
    -296.81      0.14
    -295.78      0.01
    -294.75      0.13
    -293.72      0.07
    -292.68     -0.04
    -291.65     -0.02
    -290.62     -0.02
    -289.59     -0.14
    -288.56     -0.01
    -287.53     -0.14
    -286.50      0.00
    -285.47     -0.31
    -284.44      0.00
    -283.41     -0.02
    -282.38      0.05
    -281.35     -0.18
    -280.32     -0.12
    -279.29     -0.14
    -278.26     -0.11
    -277.23      0.01
    -276.20     -0.11
    -275.16      0.08
    -274.13      0.23
    -273.10      0.06
    -272.07      0.37
    -271.04     -0.16
    -270.01      0.12
    -268.98      0.09
    -267.95      0.05
    -266.92     -0.12
    -265.89      0.30
    -264.86      0.07
    -263.83      0.29
    -262.80     -0.07
    -261.77      0.14
    -260.74     -0.05
    -259.71      0.07
    -258.68      0.23
    -257.64     -0.18
    -256.61      0.07
    -255.58     -0.07
    -254.55     -0.00
    -253.52      0.09
    -252.49      0.09
    -251.46      0.07
    -250.43      0.04
    -249.40      0.04
    -248.37     -0.07
    -247.34      0.00
    -246.31     -0.02
    -245.28      0.27
    -244.25      0.02
    -243.22     -0.01
    -242.19      0.05
    -241.16     -0.08
    -240.12      0.05
    -239.09     -0.05
    -238.06     -0.09
    -237.03     -0.10
    -236.00     -0.18
    -234.97     -0.02
    -233.94     -0.02
    -232.91     -0.30
    -231.88     -0.12
    -230.85     -0.15
    -229.82     -0.18
    -228.79     -0.09
    -227.76      0.26
    -226.73     -0.13
    -225.70      0.03
    -224.67      0.03
    -223.64     -0.23
    -222.61      0.10
    -221.57     -0.01
    -220.54      0.16
    -219.51     -0.05
    -218.48      0.33
    -217.45      0.01
    -216.42     -0.19
    -215.39     -0.09
    -214.36      0.06
    -213.33      0.16
    -212.30     -0.07
    -211.27      0.11
    -210.24     -0.03
    -209.21     -0.11
    -208.18      0.13
    -207.15     -0.07
    -206.12      0.11
    -205.09     -0.10
    -204.05     -0.11
    -203.02      0.34
    -201.99     -0.25
    -200.96     -0.01
    -199.93     -0.25
    -198.90     -0.06
    -197.87      0.18
    -196.84     -0.29
    -195.81     -0.29
    -194.78     -0.14
    -193.75      0.16
    -192.72      0.00
    -191.69      0.30
    -190.66     -0.07
    -189.63      0.00
    -188.60      0.09
    -187.57     -0.11
    -186.53      0.09
    -185.50      0.00
    -184.47     -0.11
    -183.44      0.03
    -182.41      0.08
    -181.38     -0.15
    -180.35     -0.15
    -179.32      0.10
    -178.29     -0.06
    -177.26      0.08
    -176.23      0.21
    -175.20      0.15
    -174.17      0.12
    -173.14      0.09
    -172.11      0.24
    -171.08     -0.00
    -170.05      0.00
    -169.01     -0.14
    -167.98     -0.08
    -166.95     -0.07
    -165.92      0.25
    -164.89      0.21
    -163.86     -0.14
    -162.83     -0.05
    -161.80     -0.14
    -160.77      0.24
    -159.74      0.25
    -158.71      0.17
    -157.68     -0.27
    -156.65      0.08
    -155.62     -0.05
    -154.59     -0.01
    -153.56      0.12
    -152.53      0.06
    -151.50      0.06
    -150.46     -0.09
    -149.43     -0.25
    -148.40     -0.05
    -147.37     -0.08
    -146.34      0.09
    -145.31      0.01
    -144.28      0.02
    -143.25     -0.10
    -142.22      0.07
    -141.19      0.05
    -140.16     -0.07
    -139.13     -0.05
    -138.10     -0.17
    -137.07      0.12
    -136.04      0.23
    -135.01      0.26
    -133.98      0.09
    -132.94     -0.07
    -131.91      0.11
    -130.88     -0.15
    -129.85      0.00
    -128.82      0.01
    -127.79      0.14
    -126.76     -0.09
    -125.73     -0.03
    -124.70      0.19
    -123.67      0.14
    -122.64      0.25
    -121.61     -0.02
    -120.58      0.13
    -119.55      0.37
    -118.52      0.18
    -117.49      0.25
    -116.46     -0.14
    -115.42      0.23
    -114.39     -0.28
    -113.36      0.07
    -112.33      0.38
    -111.30      0.17
    -110.27      0.18
    -109.24      0.10
    -108.21     -0.21
    -107.18      0.15
    -106.15     -0.10
    -105.12      0.09
    -104.09      0.02
    -103.06      0.01
    -102.03     -0.14
    -101.00     -0.14
     -99.97      0.04
     -98.94     -0.10
     -97.90      0.01
     -96.87      0.02
     -95.84      0.06
     -94.81     -0.28
     -93.78     -0.27
     -92.75      0.12
     -91.72     -0.21
     -90.69     -0.09
     -89.66     -0.05
     -88.63      0.13
     -87.60     -0.02
     -86.57      0.19
     -85.54     -0.14
     -84.51     -0.04
     -83.48      0.03
     -82.45      0.30
     -81.42     -0.19
     -80.39      0.09
     -79.35     -0.02
     -78.32      0.18
     -77.29     -0.07
     -76.26      0.15
     -75.23     -0.02
     -74.20      0.25
     -73.17      0.13
     -72.14      0.11
     -71.11      0.09
     -70.08      0.31
     -69.05      0.38
     -68.02      0.26
     -66.99      0.12
     -65.96      0.01
     -64.93      0.23
     -63.90      0.33
     -62.87      0.24
     -61.83      0.49
     -60.80      0.37
     -59.77      0.42
     -58.74      0.73
     -57.71      0.68
     -56.68      0.86
     -55.65      1.00
     -54.62      1.37
     -53.59      1.99
     -52.56      2.23
     -51.53      2.61
     -50.50      3.08
     -49.47      3.80
     -48.44      5.16
     -47.41      6.56
     -46.38      8.09
     -45.35      9.98
     -44.31     12.70
     -43.28     15.66
     -42.25     18.89
     -41.22     22.61
     -40.19     26.33
     -39.16     29.39
     -38.13     32.23
     -37.10     34.37
     -36.07     35.53
     -35.04     36.54
     -34.01     36.67
     -32.98     36.87
     -31.95     36.21
     -30.92     35.43
     -29.89     34.51
     -28.86     33.84
     -27.83     33.73
     -26.80     34.76
     -25.76     37.43
     -24.73     41.05
     -23.70     46.40
     -22.67     51.08
     -21.64     57.10
     -20.61     61.44
     -19.58     64.71
     -18.55     66.22
     -17.52     66.10
     -16.49     63.10
     -15.46     58.62
     -14.43     52.52
     -13.40     46.65
     -12.37     40.37
     -11.34     35.30
     -10.31     30.59
      -9.28     26.48
      -8.24     24.27
      -7.21     21.70
      -6.18     21.06
      -5.15     20.90
      -4.12     22.19
      -3.09     24.87
      -2.06     31.15
      -1.03     40.35
       0.00     48.55
       1.03     51.28
       2.06     52.02
       3.09     53.03
       4.12     53.04
       5.15     52.16
       6.18     50.01
       7.21     50.21
       8.24     53.64
       9.28     58.84
      10.31     61.47
      11.34     60.79
      12.37     61.52
      13.40     63.30
      14.43     67.46
      15.46     73.10
      16.49     78.59
      17.52     82.87
      18.55     87.23
      19.58     90.21
      20.61     91.16
      21.64     92.35
      22.67     93.85
      23.70     95.78
      24.73     97.91
      25.76     98.33
      26.80     97.08
      27.83     95.28
      28.86     91.46
      29.89     87.27
      30.92     83.61
      31.95     81.40
      32.98     78.58
      34.01     77.52
      35.04     78.09
      36.07     78.46
      37.10     80.30
      38.13     83.63
      39.16     86.41
      40.19     88.87
      41.22     91.89
      42.25     94.47
      43.28     96.82
      44.31     96.87
      45.35     96.16
      46.38     92.65
      47.41     88.13
      48.44     82.59
      49.47     77.66
      50.50     72.80
      51.53     69.13
      52.56     66.84
      53.59     67.13
      54.62     69.33
      55.65     72.80
      56.68     75.61
      57.71     77.22
      58.74     76.92
      59.77     78.00
      60.80     79.51
      61.83     81.81
      62.87     83.01
      63.90     85.48
      64.93     86.81
      65.96     88.61
      66.99     89.23
      68.02     89.75
      69.05     88.39
      70.08     87.25
      71.11     86.06
      72.14     87.02
      73.17     88.43
      74.20     88.70
      75.23     89.57
      76.26     91.14
      77.29     92.04
      78.32     93.03
      79.35     92.46
      80.39     91.84
      81.42     90.71
      82.45     89.56
      83.48     88.95
      84.51     87.95
      85.54     87.28
      86.57     86.60
      87.60     87.70
      88.63     90.77
      89.66     94.41
      90.69     97.80
      91.72    100.84
      92.75    101.55
      93.78    101.45
      94.81    100.23
      95.84     98.94
      96.87     99.60
      97.91    100.38
      98.94    100.91
      99.97    100.50
     101.00     99.54
     102.03     98.87
     103.06     98.70
     104.09     98.81
     105.12    100.21
     106.15     99.55
     107.18     97.44
     108.21     92.93
     109.24     86.22
     110.27     77.12
     111.30     67.03
     112.33     57.29
     113.36     48.36
     114.39     40.05
     115.42     32.65
     116.46     26.18
     117.49     20.69
     118.52     15.72
     119.55     11.92
     120.58      9.59
     121.61      7.16
     122.64      5.45
     123.67      4.48
     124.70      3.60
     125.73      3.17
     126.76      2.03
     127.79      2.23
     128.82      2.13
     129.85      1.27
     130.88      1.22
     131.91      0.84
     132.94      0.90
     133.98      0.76
     135.01      0.51
     136.04      0.35
     137.07      0.33
     138.10      0.35
     139.13      0.32
     140.16      0.37
     141.19      0.52
     142.22      0.36
     143.25      0.19
     144.28      0.49
     145.31      0.41
     146.34      0.29
     147.37      0.25
     148.40      0.05
     149.43     -0.07
     150.46      0.34
     151.50      0.16
     152.53      0.12
     153.56     -0.19
     154.59      0.21
     155.62     -0.06
     156.65      0.21
     157.68     -0.21
     158.71      0.32
     159.74      0.21
     160.77      0.06
     161.80      0.04
     162.83      0.06
     163.86      0.01
     164.89     -0.04
     165.92     -0.11
     166.95      0.16
     167.98     -0.06
     169.01      0.13
     170.05      0.11
     171.08     -0.05
     172.11      0.17
     173.14      0.16
     174.17      0.10
     175.20      0.11
     176.23     -0.12
     177.26      0.11
     178.29     -0.07
     179.32     -0.04
     180.35      0.23
     181.38      0.12
     182.41      0.07
     183.44      0.05
     184.47     -0.01
     185.50     -0.01
     186.53     -0.02
     187.57      0.14
     188.60      0.00
     189.63     -0.06
     190.66      0.16
     191.69      0.03
     192.72      0.29
     193.75      0.51
     194.78     -0.05
     195.81      0.06
     196.84     -0.02
     197.87      0.11
     198.90      0.06
     199.93      0.23
     200.96      0.01
     201.99     -0.28
     203.02      0.09
     204.05      0.05
     205.09     -0.20
     206.12      0.01
     207.15     -0.08
     208.18      0.08
     209.21      0.06
     210.24      0.01
     211.27     -0.21
     212.30      0.09
     213.33     -0.13
     214.36     -0.17
     215.39      0.10
     216.42      0.05
     217.45     -0.08
     218.48      0.03
     219.51      0.01
     220.54      0.12
     221.57      0.13
     222.61     -0.00
     223.64      0.05
     224.67      0.11
     225.70     -0.10
     226.73      0.14
     227.76     -0.09
     228.79      0.07
     229.82     -0.12
     230.85      0.09
     231.88     -0.17
     232.91     -0.25
     233.94     -0.32
     234.97     -0.08
     236.00     -0.06
     237.03      0.01
     238.06     -0.05
     239.09     -0.16
     240.12     -0.11
     241.16     -0.20
     242.19      0.07
     243.22     -0.04
     244.25     -0.26
     245.28     -0.14
     246.31      0.00
     247.34      0.06
     248.37     -0.10
     249.40     -0.00
     250.43     -0.30
     251.46      0.01
     252.49     -0.13
     253.52      0.22
     254.55     -0.13
     255.58      0.05
     256.61     -0.02
     257.64     -0.05
     258.68      0.06
     259.71      0.26
     260.74     -0.15
     261.77      0.24
     262.80     -0.04
     263.83      0.04
     264.86      0.08
     265.89     -0.12
     266.92     -0.23
     267.95      0.00
     268.98     -0.02
     270.01      0.09
     271.04      0.27
     272.07      0.15
     273.10      0.19
     274.13      0.18
     275.16      0.17
     276.20      0.10
     277.23     -0.23
     278.26     -0.27
     279.29      0.01
     280.32      0.19
     281.35     -0.00
     282.38     -0.13
     283.41     -0.13
     284.44      0.29
     285.47     -0.23
     286.50      0.14
     287.53     -0.10
     288.56      0.17
     289.59     -0.04
     290.62      0.05
     291.65      0.12
     292.68      0.06
     293.72     -0.14
     294.75      0.02
     295.78      0.13
     296.81     -0.03
     297.84     -0.04
     298.87      0.13
     299.90     -0.01
     300.93     -0.10
     301.96     -0.01
     302.99      0.06
     304.02      0.03
     305.05     -0.01
     306.08      0.09
     307.11      0.11
     308.14      0.11
     309.17      0.03
     310.20      0.14
     311.23     -0.20
     312.27      0.02
     313.30      0.41
     314.33      0.16
     315.36      0.13
     316.39      0.16
     317.42      0.51
     318.45      0.17
     319.48      0.06
     320.51      0.16
     321.54     -0.09
     322.57     -0.18
     323.60      0.04
     324.63     -0.15
     325.66      0.13
     326.69      0.04
     327.72     -0.13
     328.75     -0.04
     329.79      0.03
     330.82     -0.10
     331.85      0.10
     332.88     -0.08
     333.91      0.06
     334.94      0.02
     335.97      0.16
     337.00     -0.08
     338.03      0.06
     339.06      0.01
     340.09      0.06
     341.12      0.13
     342.15      0.14
     343.18     -0.10
     344.21      0.18
     345.24     -0.14
     346.27     -0.20
     347.31      0.09
     348.34     -0.13
     349.37     -0.19
     350.40     -0.14
     351.43     -0.01
     352.46      0.21
     353.49      0.07
     354.52      0.35
     355.55      0.03
     356.58     -0.15
     357.61      0.02
     358.64     -0.00
     359.67     -0.02
     360.70      0.03
     361.73      0.21
     362.76     -0.12
     363.79      0.07
     364.82      0.07
     365.86     -0.11
     366.89     -0.20
     367.92      0.00
     368.95     -0.10
     369.98     -0.08
     371.01      0.06
     372.04     -0.14
     373.07      0.09
     374.10     -0.30
     375.13      0.08
     376.16     -0.08
     377.19     -0.05
     378.22      0.05
     379.25      0.28
     380.28     -0.01
     381.31      0.04
     382.34     -0.03
     383.38      0.15
     384.41      0.12
     385.44      0.12
     386.47     -0.04
     387.50      0.14
     388.53      0.11
     389.56      0.10
     390.59     -0.20
     391.62     -0.01
     392.65     -0.12
     393.68     -0.06
     394.71     -0.15
     395.74      0.27
     396.77      0.04
     397.80      0.06
     398.83     -0.18
     399.86      0.09
   
